Determinants: 
0.5537071089436794
0.007851192209421575
1.350618402554139
1.0
8.953415925479094
1.0
1.0
0.7965547495094522
1.0
1.0
1.7426571167621356
0.0651544035954662
1.6336652992384668
1.0
1.0
1.0532258843539797
1.0
1.0
1.0
0.48058595704626816
1.0
6.648029508137173
0.26514432753340117
1.0
1.0
0.38812189103392014
1.0
0.15999047382343518
0.21018779688707692
1.0
0.9999999999999991
1.0
0.9999999999999994
0.002913862708072507
0.45492654575592617
0.8765123718936165
0.018318627865695443
1.6941001404018663
0.4393342346933472
1.2648597189072335
2.0046126229337884
0.08404106408005377
11.925706617375463
1.3164885395576063
0.49200062592702676
0.19868147290546342
1.7739813426938453
0.5211792621326734
0.019589720487118528
0.00267703830566201
0.008624415329433146
3.739212867271645
0.19103992549324234
1.1348218078787142
0.6072963690226706
0.9999999999999998
0.05270069292938866
0.76844883198395
0.3958479306826685
0.005310015194400553
3.286811036538657e-05
0.6756295105183499
3.3543353408706005e-06
0.11719047795911684
0.18731088054460807
1.1348487506802265
69.23111402747644
0.05632916857126042
0.10455372058502738
5.419430497088633e-05
0.000795312983828231
0.0002378404551724732
0.0003460686815469311
0.00295069595654915
0.01924020982356722
0.00224082954762624
0.3192088073932182
6.758572873404944
0.08916188095516453
0.0013507099898277426
0.010857465838728708
0.029325139404776886
1.0000000000000002
0.009432922970807613
10.77024434720899
0.0012212429371737808
0.0015698824202301045
0.09621364746032424
0.0003449112383461249
1.5377472735545283
2.760230881272233
1.1127222074004868
0.00010567770962065606
2.429698059501877
0.010018379304289666
0.010707670046997662
8.387145662927409e-05
3.284309122270735
0.0006816986450982768
0.09264286283831541
0.1457235576417501
0.002211537295092068
0.06204731491911504
3.544960862941895
0.0030934521328357307
0.008398436373760572
3.7077051542345627
0.0006335036559740788
0.20805141085629772
0.0009369975356317656
0.0001359424886902477
4.0326974592108215e-05
1.9162800496951366e-05
0.5736783563293197
0.006250269591704548
0.0685719582759142
2.229288038929075
0.0003060684501912231
0.36490068190771313
0.0036474274503423025
0.4162791999493527
0.002451403554929047
2.941071095372928e-07
0.3738704270201665
9.08027248649478
0.04415038209365665
0.0008458182095256007
0.0012236002712411249
5.267632659822642
1.3400795383132882e-05
0.5169766412539221
7.698373259118151e-07
1.9824790928581636e-08
2.0462434630613737
0.4561837857335413
0.14246519049917508
0.2649053639100109
2.5876721646663763e-05
0.005972692936230263
2.0742910287486382
0.023208312094278885
0.0002784064318731583
0.001065039337105253
1.2877312026903952e-07
0.07718218473898579
1.9988121829542604
6.284713826767636e-05
1.1948139663258157e-05
0.06645201089885779
0.5909149039331376
0.025033790442472663
1.1526373351236207e-07
0.06393189638193732
0.00047752386890905315
5.1192718899847455e-05
1.311133195982747
0.026954338421244506
5.448571450485081e-10
20.491332496603533
0.024936397771178884
0.0016554351228412994
0.0013135203370219627
4.947047262286468e-06
0.00028949410104861425
0.00025256627859604654
0.06120906204056873
5.254099967231733e-05
0.00014246281417840893
0.0005579996171327497
1.2325597573552736e-08
0.45623439717459036
4.164381220286057e-09
6.060042841457794e-05
0.0007133456299549636
0.00019102110831870588
0.8936654234933475
4.310032507214323e-08
1.2862704552691198e-05
1.9547111556353987
0.0026288952340044486
1.3394977749575604e-06
7.666849969758782e-05
2.076177230212547e-06
0.00035779532395068827
0.0037521482818041007
0.010569049702725122
1.3357529147570735e-08
0.00015765226849383138
0.0061730309295130945
9.415083926542467e-05
2.805830162576342e-07
0.08961407071071548
3.1845115053564936e-06
0.10294216439056988
5.092032806224417e-07
0.0004342702464616482
8.929779909054205e-09
3.601368983676261e-10
0.0010939277971576476
1.8949619969681598e-05
0.16058285988915275
0.0001970747885121651
9.611840437715132e-06
0.46088833446652977
0.0016986500325277725
1.6306658875681172e-08
13.852929555475255
16.81395749576341
1.7370124898351018e-07
0.0045513615909616055
2.2071663113211988e-09
0.03903015774945388
0.008654370601966634
9.850433510750268e-05
0.0857343584575759
2.842053321401472e-09
0.0931228896131241
0.009653692201367895
0.0002621438017348187
35.213387924650846
7.760970507447158e-05
1.862420933547171e-05
1.6633888380334578e-07
7.160269274013858e-05
0.0006463021558920332
1.397968290933079e-05
0.007562187803164579
0.0011636315326988163
7.508054870735595e-05
9.634832639188094e-07
3.15898632440257e-05
1.216523249232443e-07
0.07998085018415553
7.937456198987558e-06
4.825583929988913e-07
1.8767963666928782e-06
0.0004254829017906823
3.861330547561312e-08
0.15728224653080267
0.0022476681341999137
3.3718943422936526e-06
0.00021534591979813092
1.1038271073389067e-08
2.8477798067540477e-12
1.7672531790237263
0.00016685320688586836
1.0102750944568783e-09
2.9986902145328447e-09
3.9938050443791365e-07
0.009065937640393578
5.326710951658999e-15
2.5721133758569373e-07
4.009919205355577
2.9116784280349075e-10
9.266281955978117e-05
2.6370449460199284e-09
5.260115346138874e-07
0.06649714125239878
0.0064349155713671995
1.2572154557123787e-06
7.654576485221487e-11
3.745636024954287e-05
0.012890968290421495
5.11805422144769e-05
3.018236843128498
6.154793879909978e-07
5.877899392883952e-05
0.00570407799272528
1.2282595859741043e-05
0.0016930605554100495
0.11869094976933037
2.8623308233764893e-10
8.922616063914954e-09
0.011609620389561108
7.055833155194742e-10
7.480366727998539e-05
0.028713111700684094
1.0392145113835305e-07
9.01784455298091e-12
8.768202206546179e-07
5.682998885839632e-18
0.0005836623511431416
0.0989436787958741
0.0003689933131081863
0.0004096584469197473
5.097809576714041e-10
4.52290391003572e-05
1.3355451542283882e-07
2.276524385833401e-05
3.871295635308185e-08
2.179073085177261e-06
2.7716132318971486e-06
9.722094855847433e-08
0.0008716736679540945
0.5713651228115916
6.796098369130939e-07
5.554837440017642e-05
0.00011565704053766142
0.00035073294530378336
3.99955804144303e-06
0.04648666554501705
5.381419172910964e-08
1.5485463552702966e-07
5.4328993019131075e-06
3.2491776357725745e-06
0.0006551212500813313
3.957716930184921e-12
9.872586466838832e-07
1.7562773746293826e-09
0.001850645339006115
2.7529787364030054e-09
0.02751296574551622
1.3511999478671784e-08
2.494390333552859e-06
0.0948107301638976
0.00014635623929376695
8.553751836468005e-07
5.47278863782653e-06
0.5381257545797975
3.8652005291442514e-07
0.011071469496217965
3.2025602722068123e-06
1.3166372090464376e-11
3.919569761153007e-09
0.01646521554849757
3.84394404325897e-08
0.9241518128815795
8.884918315063404e-09
1.0043619276101159e-06
7.97258546776724e-07
1.0265349882651385e-09
3.82056451416455e-09
2.92667909624033e-12
1.0859162152903712e-07
4.887177662539082e-12
1.8388627911784343e-10
2.5191960227016143e-09
6.985227313841433e-05
1.3345976774846818e-11
1.0228136737108756e-12
0.006089335921019538
0.20196618120133494
3.016874835798573e-10
9.708184853131629e-10
0.004525583474249572
2.064815568145055e-13
0.00011683051960005979
1.115677655201962e-05
5.944645464667818e-09
0.003397482637406743
3.726147813645617e-07
4.3473385258228425e-05
0.002553148755827109
0.0039858853584839714
9.586056415468261e-09
0.5131195939263348
1481.4861162825755
0.04778065226307341
0.0019372630895404881
8.423693658741998e-08
3.6766775938605367e-07
0.0003487212628617012
0.0004347895450003742
7.671844586631028e-09
5.775292055466548e-06
2.3648036995169032e-09
-6.655519911456836e-20
5.260437557380451e-08
1.865917049997171e-05
3.818410261335599e-07
0.00048379975398319633
4.316685003549711e-09
2.220401449122119e-09
3.235938875584785e-08
8.911696446043894e-07
7.674913857919608e-07
6.651537993895167e-07
2.6439529821661585e-10
7.962341317190791e-06
7.010168376023554e-07
1.9319703447824038e-07
6.367678723114383e-12
4.344209352641109e-14
1.1855717519460543e-06
0.0004714372739238147
5.887831597079008e-08
0.6290935738357973
8.627644115431541e-09
2.8908832559310203e-09
8.926835800149968e-08
2.281421877118022e-09
1.7672514345427844e-08
2.1127264183737586e-08
1.045831590360188e-06
4.146685138542174e-05
1.7683433739459598e-10
5.933963342079587e-12
5.91538689614314e-15
0.0030370625561159416
9.393635439879076e-11
0.00019271563465667329
3.534038839179528e-08
3.586560580756512e-10
-2.843251016625708e-14
3.2634932549951856e-08
5.985490381067831e-06
2.8413799488029243e-05
5.982986187926434e-09
8.102232682954712e-05
1.735352852486943e-11
5.364293649093984e-09
0.0816851056696445
9.799426069502673e-15
9.16415743385514e-08
9.755381638622041e-14
1.8375923858337216e-12
1.915168816296924e-07
5.9714280383933955e-06
1.5227104373338372e-06
1.4532616998466341e-08
4.988697244647551e-08
5.447323585685769e-08
0.00037479979406569
2.365105817248504e-12
3.994497229929878e-08
1.6800287644733294e-09
7.446926357152409e-13
4.985810488128167e-10
4.868385742948028e-06
0.00031612152447952843
2.1300311334938723e-08
9.442526696955386e-10
0.0004300790081932323
0.0034862540400361166
4.255158003985844e-09
-1.6770581479922766e-15
1.2575722026311266e-07
2.6141644151588903e-08
1.1596558368789206e-07
1.6149977437293184e-10
1.8218176149829828e-13
7.777227972797671e-11
8.165375132646862e-08
3.005401337816918e-06
1.0201827362849291e-08
2.5187834898838214e-08
4.946051564057579e-12
1.754282830547843e-11
2.1390121281229142e-07
0.0023996285474839735
1.6052324581830266e-13
2.3269352861481014e-08
2.4669282386426564e-10
6.98319092117469e-11
9.513805623151092e-08
0.0020047700690930628
1.0718538810155847e-06
-1.5023665723859922e-16
1.9623684425377838e-05
5.443983871693885e-11
3.9251753643634574e-05
1.2699223243952636e-08
0.0029646435315583827
1.273309574891114e-15
0.035835469585132965
3.2078509255156014e-08
5.3462818277271736e-09
7.209729274788454e-07
-1.3418864094189068e-09
5.80392824834755e-14
2.9138408690034644e-09
1.8313370989606928e-10
1.4822091553365917e-06
1.3212531561223915e-09
1.4765843907645018e-09
1.772272106570708e-12
6.33627804365915e-13
1.834620997856111e-07
2.213817210663283e-09
1.469762207544515e-05
2.167523259544446e-09
0.00013332243971115348
9.831105519207538e-08
0.02342035458989689
4.91467164256324e-09
0.029524228243722257
1.0582546732693775e-11
2.1520235132795257e-10
8.62036584420236e-13
8.219929533104055e-11
4.607126242845613e-15
3.64633410243149e-12
2.799835896598912e-10
3.10047902691597e-07
4.603733538173917e-08
9.823291645828398e-13
-5.980253923964141e-11
0.00046944144277254516
-3.0976438178513863e-12
7.0217041217725815e-09
6.227613500754565e-11
1.149516703188507e-08
4.9137217116921984e-06
7.86364566135787e-08
7.178134900616734e-09
0.002558273527353821
6.401951292895494e-05
3.3011845147099557e-07
3.1180678110760944e-11
1.0424257225541415e-05
1.413397723552437e-05
6.5353664296197195e-15
-4.900763516644558e-12
-7.94422428500477e-13
-8.297778561874131e-12
3.2714599762111104e-11
-1.034805991598557e-09
0.003006323458197496
-1.9011520722703746e-13
1.0376586351352279e-08
-4.2588736364647904e-12
3.1741968601132505e-10
1.9232225517145665e-08
8.291089299425395e-17
-4.171200581892008e-10
-8.084926003100395e-10
1.1328719741164602e-07
-3.586134462359043e-13
6.582662803906159e-07
1.430081830958658e-08
1.77874554304647e-05
7.986537789137202e-06
1.5228841214472763e-09
1.2886429999663013e-15
7.130708788206564e-11
3.097945583566384e-07
7.499406140802037e-09
4.486376850421241e-05
8.503175413406816e-13
1.1202676213879092e-09
2.584892483394356e-08
0.0013806220986604734
-1.2971108801061367e-09
2.845438291523109e-09
8.988038659051813e-12
3.585425883823995e-13
5.2024056155324506e-05
-1.5094849089145139e-12
-6.62417784845331e-09
-2.4140924223322594e-12
-3.9607200605740684e-12
1.749208070705055e-11
3.3940605237476716e-09
-2.325540831355053e-06
2.1531866539135624e-11
5.6710328340312734e-11
1.6786727186054784e-12
-4.888365241112864e-08
-3.6654004865982174e-10
-3.9717250538516024e-10
5.253874065294049e-12
1.479677948316677e-14
8.289602941533757e-09
-7.547580141238483e-10
2.5852857206348783e-10
1.6611499111205255e-10
4.1404170192979995e-09
2.260817532932893e-07
-1.4408547220944977e-10
1.0149022529664273e-11
-9.349944556096726e-06
-1.2383968763133175e-12
0.15527793857124753
3.1614961943669493
1.8964094372654843e-06
-2.3838429628649804e-11
-1.3922216355358952e-14
4.175997234280793e-12
1.1879954326002151e-09
0.09622748230577116
0.0009329759858946953
-2.713914352137454e-16
4.871452267797651e-06
6.694522846016095e-08
1.6364884681258816e-08
2.4206051197455983e-10
-4.949106368616363e-10
-4.982751448543443e-11
1.0015938027127545e-13
5.851303945123984e-13
-6.318611263365664e-07
9.267914743033252e-09
1.788011097094182e-10
-1.4913605879570017e-09
6.743135930044456e-15
1.58317631822924e-07
-2.7046131004146497e-11
2.8195398527354014e-09
2.174240343265771e-09
-4.1590403642799915e-12
-1.233374856668627e-11
3.57009526238601e-09
-1.6048728450154436e-10
1.4908906496960617e-08
1.9737255278964177e-11
-1.4320996842227672e-13
3.490108233695478e-10
0.0015821819338380746
1.3776753681897287e-09
-7.604545523817741e-14
1.3381371758222591e-12
1.8417461096382498e-07
7.147452375219656e-12
-5.533021709235464e-11
0.0016166966159986194
-2.8071229460258945e-09
6.682715295619122e-09
1.1796017165520147e-07
-2.8429762322399283e-08
-5.862870344384012e-19
2.1989100259249652e-12
1.1203752894288445e-12
0.0006681413875919275
-3.144022586045171e-08
2.2438843195896773e-07
2.1101138853572996e-13
-1.6002542953913578e-10
-8.044724042347818e-13
1.9099502484519883e-05
-4.862169699307949e-11
0.0004981917442800082
1.6548493851102514e-05
-1.1365986210310623e-12
-3.783937549327724e-08
-3.3399227319141436e-09
3.689755290347045e-08
-1.7534738308719858e-10
1.0198281134079595e-10
1.8064289235086358e-06
7.058959735759615e-07
-7.989433157847923e-10
7.0148526870290875e-06
-3.8406115068676326e-15
7.612748759103897e-11
2.092561477282135e-15
-4.1181319548940737e-10
7.992251669143593e-11
1.488499158823566e-11
-2.183285443777358e-10
2.3163656631106217e-08
0.0001226645650474984
9.403459202634176e-09
5.864957644215998e-08
4.211618481898576e-08
0.00036907653670437845
-2.7301157527221196e-10
1.901316177795656e-08
9.021342734834104e-08
8.763660067469006e-10
-3.1503688202248117e-07
-2.5842518965908926e-13
3.062048416880422e-08
2.997958030076268e-10
1.5736820979808978e-08
-1.5718481615173845e-13
-1.9781660559132217e-07
-3.3632994617355015e-13
5.4996625128634505e-09
2.547713729794644e-09
2.167076661446494e-11
1.4583096577953691e-12
8.020718567342923e-13
4.95773192675147e-11
6.678451047259804e-11
-1.057625898837374e-07
1.203655187372499e-12
7.277691519205468e-07
-2.4930968964712538e-11
0.0005331580313220061
1.1262729856137334e-13
-2.9520607832806203e-12
3.711009913137646e-11
0.000229085302005394
2.6132730486862205e-06
0.0064112740992260655
8.046282429476577e-08
1.5839419795228882e-11
1.7804599850559013e-13
-4.518882853801578e-17
3.4416035895297154e-09
3.6144637368244434e-09
2.845876963920304e-07
-4.9330744872647835e-09
1.9510722602100057e-07
-2.388304648350767e-12
7.453392608627953e-11
-6.129654781996152e-08
2.5047973874907367e-08
-4.4433425059770903e-07
-4.526267710814198e-10
3.881925946382103e-13
-1.823612698689812e-08
1.2665208711791898e-13
-1.61587503226844e-08
1.867339929058869e-06
-2.0870478182818904e-09
8.46834597600412e-09
1.7587849929439288e-12
1.079162189474675e-12
2.2519094293754667e-09
9.63247969153553e-09
-4.433746408262468e-13
8.344023762454673e-10
5.989028122149567e-07
2.68880406676191e-15
2.050061056729385e-09
-4.681974547984667e-08
-1.4190705504843198e-10
3.362760530714744e-11
-3.4403821838482997e-06
7.761259402808643e-11
1.4843048377766234e-08
7.75072407765712e-07
1.721638569286395e-08
-8.75999762940025e-07
2.515082870325012e-11
-4.528005605060345e-17
-1.4928439004609948e-08
-0.00012812366473155426
1.2961323087732821e-16
-3.885073437473126e-08
0.010576457472430243
-1.4639713243707755e-11
-6.973849294688125e-07
2.3851745125227888e-08
9.753326679561156e-13
8.279663183196594e-10
4.3287605366053484e-11
7.072975670655781e-07
-3.4806717179851643e-14
3.387581397662841e-14
1.4175965093516043e-11
6.281878285901998e-17
-4.7088858302342e-11
1.3220882847958662e-10
-1.1347960872495759e-09
0.0005401728451036354
3.916651552535741e-07
2.2630338414918466e-11
5.883496726326592e-12
7.206956953336663e-12
2.1994864260195663e-12
-5.987050894391587e-08
-8.576175894981819e-10
3.938527978649818e-09
6.860425858040169e-07
8.36390467777811e-07
2.353894049451645e-11
2.54083554135819e-09
-1.5046477884528136e-10
1.5163881650756795e-09
-2.5264966281459565e-09
-8.1438420317678e-10
5.327180535595142e-13
-2.7202804656925307e-11
0.018018392253518572
3.036876735095684e-09
1.7334400053374145e-07
1.0412700446965233e-06
-4.1585102223601896e-09
0.000305677949595361
-1.5076987652223556e-05
2.79887595736343e-09
4.811413352304887e-07
-5.975894460701924e-05
2.7678610279897914e-06
-1.7248950219973426e-08
-5.8998955972024e-15
1.653159561881329e-08
1.517984053694471e-11
1.5956041788080943e-07
7.582979795790408e-12
-3.8485892774029387e-07
0.000286595823660383
-1.6573132618341442e-12
-3.215214839579642e-11
2.2802787160967762e-11
-1.828921734530169e-13
8.6145776718209e-05
-4.307168532789287e-09
-3.2967608822276194e-08
2.7751452451121986e-10
2.2381717881589158e-11
-0.000391901717204592
2.9082217252150263e-12
-8.939104326832207e-14
-0.0010878086144809167
-1.4544031095527066e-11
-4.97201346231805e-06
2.886139311802155e-12
1.0546263952166122e-05
-1.7548168851454841e-10
0.0006997020795984009
5.3427205528694065e-08
-3.205833445449276e-08
-0.00035140486513790683
1.8212643317084904e-10
-8.863598408215271e-11
-8.911738498647768e-10
-6.467822170699626e-09
3.281741410105297e-06
2.89641316861527e-09
-4.709198295262747e-12
4.231900200121713e-07
3.669278585078904e-05
8.373635319031016e-09
5.774390592440315e-06
-2.6410183805965553e-10
1.6942678827789746e-10
0.011995559443415717
-9.293153298042732e-05
7.675244140350995e-10
-6.3802184066434374e-09
-4.8653703671895056e-08
1.8235789641298912e-07
2.644396024757039e-07
-9.336273972850457e-07
1.8297376737574912e-08
3.8826639040451646e-12
2.516005203989187e-10
-1.7672615569653009e-06
5.249659687899011e-13
-3.082664870841435e-08
1.6248903971788003e-09
1.8882649817236322e-08
1.794833777948127e-10
2.75164874910655e-10
1.2831216157289595e-06
3.4076242106963405e-17
1.8914579387939617e-14
1.5755066488575255e-09
0.0005501579689112576
2.110524816476738e-12
9.462383198550619e-13
-4.507462215560411e-06
8.991270184860025e-11
-0.00015232613069787444
-5.158484601170578e-07
1.881701030661592e-05
8.887459126583554e-11
3.169498422224799e-07
9.196136068669396e-11
0.000681872010543331
1.465562733067205e-12
-1.6429563541073655e-12
3.603721677945393e-05
2.538681513620352e-12
-1.0769882506401416e-18
-8.505837663025519e-14
2.2487176947566594e-06
0.0009263076693138783
-7.458537811841554e-13
-1.0303457416406165e-09
-1.114399536597933e-06
6.851240637245954e-11
1.8624163528706478e-16
5.715142984786101e-09
3.733189649030413e-08
-1.1505425375572446e-09
-2.5721209714596867e-09
-2.5274854965638934e-08
5.5871360057215894e-09
-9.94454936188188e-10
-2.821995888464505e-12
-4.455203256431179e-12
1.1990613862861988e-12
-2.3494685618591027e-15
9.469669241760847e-09
6.456602845585714e-07
6.691020569796674e-12
1.9445985655521643
-4.963935467969638e-05
-0.14056193025445246
8.098650309253031e-08
1.9208615908719925e-08
0.015209841791988114
-0.00013611463514042285
4.0252277473661415e-11
-9.884221366728885e-08
5.116740969447793e-14
3.007275768699535e-08
-7.96933367460973e-14
3.341278196384916e-06
2.26550898137175e-05
-7.147729738849785e-09
-8.237670330989362e-13
-1.1676670926884657e-12
8.020298806542899e-09
1.0978458465472771e-11
1.0589194618623284e-07
-1.0007581084956593e-05
2.0544438865346437e-06
1.7207454892225788e-07
3.1573803632002434e-11
6.718450041149864e-12
-0.001642585020613295
0.0012791024912784006
-5.132213950435976e-07
4.9488713449630865e-12
-2.1462343228770493e-06
-0.0036288690963993224
1.987230659369919e-12
-4.943152860788467e-07
-1.5895873586659287e-11
6.571112280037104e-13
-0.00032616046568762576
-1.2525989084513688e-11
2.246071003142232e-09
-0.0009584105317719011
1.696406054702227e-13
-1.8931229063890113e-08
-3.98779842534723e-09
-1.6056621227119132e-10
6.016750928089388e-11
-5.383645759017448e-10
8.3468535381634e-11
-0.000575872167294076
3.337918645269761e-07
-0.01624581708825591
-3.3967029502516454e-06
-1.747078474252549e-06
-1.9344160310080194e-15
1.7796949399122345e-05
-2.6139504610725277e-06
5.062494278714153e-09
-3.068983156062794e-07
3.3936478517097686e-05
4.278269371463504e-09
-5.421218692175371e-05
-1.6709643338578095e-11
-8.731251778584111e-14
-0.001214877190906811
-1.2103139052764254e-08
-2.750844366811122e-05
0.00010773887341833595
-2.391956818067231e-09
0.3614963613135141
1.2962600814077748e-12
0.0012019430568899641
-1.7473568809765132e-06
3.6169311380725633e-06
-5.833656944287287e-09
7.970068846355273e-06
2.3365408788473775e-05
6.33081844823588e-06
0.0007913677050095056
-8.599734269260183e-06
-4.375016113220493e-09
-1.246454237558041e-10
1.2752084244976422e-05
8.794426415300774e-06
-9.291023766204031e-13
-0.0008159813495197731
2.7385247695380144e-09
0.0001281247711881301
2.2641792269718655e-09
-0.0009234092439047382
-6.669448143933287e-05
-0.0505965163067086
3.104114662706966e-08
6.47271184926508e-13
-5.401317554557266e-07
-4.00561893217062e-07
-0.01918935438433873
-8.729117980503484e-10
-1.9412726085091096e-09
-5.284579405950988e-07
4.0977299116998134e-09
-3.5803943251611854e-06
0.004134347343165744
2.5484094161713364e-09
-1.0765475225551515e-09
0.01457418642003369
-0.0315580575302391
6.737657613960549e-05
-7.305697180083174e-08
8.84391040366013e-14
-2.0884007083166138e-05
-6.502186715713634e-06
2.922265392074969e-07
1.83220868131173e-07
1.9716874298512658e-10
8.67396437748819e-09
2.220878579679715e-06
-0.00035982936553365775
-0.015232794396812365
0.0014879464066030934
-0.00766239843316904
1.5254790400581782e-12
2.3986857347826535e-06
3.3749567878520443e-06
-0.0028814338506812196
-0.0003334086055185491
4.4818517172076814e-15
1.5637240026705696e-10
-4.007250085484688e-05
-1.5713361214803407e-06
0.002856858482180246
9.926786315973617e-08
-3.271814901482709e-06
0.0002426766662040436
-1.3551393958927197e-08
511.6401600478943
-2.8652432531202022e-06
1.0383995935193532e-06
3.461000858928825e-08
3.738576189107976e-13
-0.054919834754450184
-7.862340489846972e-07
-8.792437671365284e-08
1.408892807372843e-08
-2.0367354234006275e-08
3.0465513628288985e-06
-5.28245044150741e-05
-7.447098732328217e-07
-2.1164735106739755e-12
5.698048903712599e-05
2.1280995609908393e-05
-0.21921899000467404
-1878.0514681328013
-3.5551942958112366e-08
-1.9957790753595054e-06
9.962744263834573e-12
-0.761287128044191
-0.000792764321085601
-1.6790118716994482e-09
6.574201275352656e-05
3.238410924941623e-07
-0.6986239615017373
-10313.391679457816
-4.804719429956243e-07
1.7613202703616123e-08
-9.937058488718092e-09
-2.2838958098456746e-05
-9.033457762511108e-07
8.032974816954387e-09
-7.400673969952162e-09
-0.0001282008260708413
-2.2323972833138562e-08
0.0008989369885076706
-0.0006843854605959944
5.48418115707245e-07
1.4617749455957802e-09
-5.425887513050425e-09
0.00016506987275060592
-0.003170771803149407
-0.010394448770040109
0.3071976459411951
1.595728661051309e-08
-5.824924094012319
1.7795578383885245e-08
-4.2908430851823284e-05
-9.723067016664153
-2.450978132718466e-06
-1.1092337856119059e-07
3.3898287437443687e-12
7.605381382644749e-08
-1.3737746029991814e-07
4.534714564772227e-12
-4.366360805777719e-11
-0.0006342195593887492
-6.16006267419421e-08
0.00033534908663891266
-1.0850556458718608e-05
0.005165809711231194
3.0667637184735294e-06
0.027259415901894634
-5.28482991840536e-08
-1.219260304150773e-06
-0.00011033112857389534
-0.00017077035913900978
8.195699407898286e-06
0.008331211327842173
2.2458718706724279e-10
-0.006879298834803589
-5.7752191970969424e-11
-0.0019040838078183645
0.02898796087007319
-0.12274039406963383
9.295637918456776e-08
6.60993559791483e-05
-1.0739359507206961e-05
1.9484519717774427e-08
-1.2829093275915109e-05
5.91211823620046e-05
-2.8011520083029637
5.979547783519744e-07
-2.3961870040403793e-05
0.0025525465105296786
-1.1776574151472128e-06
1.4810837576553113e-08
-0.00033989989329627864
-0.029134665174280847
-5.1961890186784245e-09
5.293981517890986e-09
6.009156382408436e-06
-2.527675592687004e-06
-1.1938919807041652
-0.012175117012813486
-4.51814564465771
-1.310307364971253e-06
-7.467796308184073e-15
0.06724028492788511
-0.10272326750355759
-0.03443799190253876
-0.00018997839841826246
-0.0001353102700379257
4.6580014815293794e-09
-0.31224155934849074
-6.555760355106645e-08
6.633696079506833e-05
-5.883237318823203e-09
1.2881362717649388e-08
0.065979458146668
-3.2458586664790583e-07
-4.51592445785609e-05
-1.4162951329876943e-05
0.0004243056977544812
-0.00019443116124920012
-0.0010154173222471877
4.7000730842556305e-07
-2.2021216707048354e-10
-46.1212033623629
1.3840172664163368e-06
-3.1450105436773775e-06
2.316895918829095e-08
-0.0007173819922678792
-0.07367739144370526
2.5337059662799675e-06
0.010367456834235097
-0.00412466619088463
-0.00012302750379776422
-0.009278152839621289
-6.1941738586008705e-06
-4.339242224550947e-08
1.056087659263555e-05
0.002000823147665521
-0.0021524284095644497
1.7025527144567153e-06
-1.7717739866956526e-07
-0.009809181029946717
-3.5903376568782956
-0.7377797827143268
-0.0003921735799007308
-0.0011079353111150142
0.09452472857448645
8.049212752515336e-07
-0.34104150732307825
-1.3497388125499172e-05
-0.03483238116290168
-0.0002263066072866769
-4.0068240223778996e-05
2.5775258075300645e-05
-1.4607309775492244e-05
9.53934158663751e-05
-0.0003211307223211703
-0.08651174727305043
-2.7290613210492067e-08
3.762230883328358
1.283389490261646e-07
0.02226148534923948
0.000760420933335323
-1.6453759954044658e-07
-0.0009931512682386035
-0.001784570815300553
-1.8867573355547206e-06
-1.028861045542876e-05
-0.0010504196750682692
0.2640772145678746
-1.2095632233109893e-06
-0.0015702344563770438
1.1928487369474683e-05
9.69976079761114e-07
7.633947150385876e-05
6.795711124693506e-07
-3.1914835161362504e-05
0.1081081850946865
-0.002919353184763443
1.8782690060210624e-05
-9.984289323036308e-07
-0.000281520378514644
0.001288371098269893
0.037947522816810124
-0.04339169633633417
1.0250621728652406e-07
-0.001810324531502478
0.10168044779711329
2.2010040679443068e-07
-1.7676458361379053
0.0008339452556374813
0.00017968640772206962
-7.697990401272938e-05
0.01598824046454067
6.50462469746462e-07
-2.0499599066133834e-08
-7.4179714893365865e-06
-0.0032853387468348167
-0.00483035093296393
-214569.95158086627
-8.433493354958488e-08
0.00716955661165179
5.321789757751029e-05
-2.2499354751414764e-06
-0.0022569238162441886
2.161999687233747e-06
-62.719605567886006
0.0003450567483331556
0.002117847597439143
-6.948994649668987e-07
0.041206269170036725
-2.117234640184807
-0.009977784978642748
-0.0057098764341728435
-0.006833962550224003
-1.327174399124646e-10
1.8939086471982436e-05
0.005487415790685464
0.00015219130127975733
1.8557121396533172
-9.321857786136088e-06
-9.615959144345116e-06
-585.3441241692167
124.95928596144405
-0.7474796178733891
-2.9436358905945153e-05
0.002287901949614024
0.003486997428238269
0.009783359409840806
-0.0013202311148360394
0.0004160939656124314
672.1778844618544
-43344.04564818788
0.0018001685788998053
1.5243941073571642e-06
1.975547520728259e-06
2.062244665604171e-07
5.846301466698773e-07
-1.0223829603522334
-1.4109933540684199e-05
-1.7560600335031674e-06
-3.741805566185454
13.981201797535665
0.00023280016286419028
3.8904203667989323
-0.020278879856866473
-16315.658770593003
7.597409305506722e-06
0.0002647086611301886
0.0001299224879173628
-0.005010568729201348
-0.6241411972783831
0.2739462070635682
24.269276139914318
-0.04451466815699589
-81160.45905900974
-0.0011567249424655189
12.488013064148165
1740.0005921786374
-0.006157859901707335
-0.025080327708898818
2793986.6597031853
5.820586932143849e-07
543434.0628429764
0.21554553021601855
-0.06709486272354531
-0.0004907241641302253
385.42395030073135
-3145.0822639401895
22072.305771804182
1731.4131293242815
0.8595283160522195
2.183185317582676e-07
-0.0015666995535011576
-5.911050919012387
0.5647459782426629
0.004991297324642343
0.016529931313758305
0.028236742456822006
0.00010316224949991191
-0.033534387820006124
-5437369.591586587
-26.15732810364221
2974.6062600893415
-2.9046426828930947e-05
1.025574077570323e-06
-0.02409413776823168
-0.03088585468095292
-1.8747469376980428
-4.7910525799183185e-05
-0.07602966055546395
-170470.67889396462
-0.12117643558660417
-0.0023847901883040927
3.285142414404125e-06
-5728224961.090476
-1.0647781745798174e-05
0.26538139456301846
-0.005366174261785657
-1.2329572200032142
2.5895750302631835e-07
0.30060215811064206
-0.11235063891715581
-138440.3971903586
0.12126809113275347
-3.792206924219027
-14902.727108530418
0.0789639655533649
13.352526729028021
-13.787098155062395
-1091.3113081181746
-0.0003845186868774406
-102.85670350332246
-2.292573825718025
-112250.29218323041
-0.0040363870711706135
2.1211887747230165
0.011375723341638623
-5.129861154973417e-05
-2.400218613003691
-33.360775682800565
-0.00838668890632933
-0.0073742396714567586
-9.882823787503744
-19458.671396426365
-23.698298464967216
5045849.507243129
-1638.4077736075633
-0.05825134238073566
0.23264898528868797
-3.735316207484589
0.5289880499362817
-3.3463362077200736
4.457929234836641
3.479916899819006e-07
0.5246127726333647
-23.38161892396335
0.4849386867078353
-10.870089280301722
-2.5071603211815034
0.0006136273315426487
-30394.231156986258
-1.0833518424401776
-2.007915313478845
1.0106169019390447
9.617050337058092
-2.5437682378027433e-06
-0.06910261097417718
0.0161691869563867
4.1451346379699245
-35061797.69606105
0.024385586049924267
-57904.69759401525
-0.008053242236660199
-0.4608116505760971
4224.37010066308
-324940.8444902305
565.4659118826553
93498.97332478018
3.017400401120196
52604.15579103112
0.5496133747612051
3.862427015166807e-06
-0.048783141085257775
0.0012237979980621962
-0.11290676584492554
-13752.352205903291
0.00010252097750601727
-209.99659704711294
57431010.35014852
-7581.170446641289
-0.39618228632482966
0.029048640719716894
148.49945209225118
30424.230620217033
27879.727672226032
14825.256795032426
-2.9089181419206154e-05
-185.3887254333149
-0.5403640111156712
25.97014954452186
-58413639.44546412
-2458.4496544662134
-3818.720685787395
-86182.75763074694
19336.093433950227
3.711929943892573
-19119.659383491442
-1950441.480970004
-11087.256063093691
-116.1054107497903
-511.85998090362284
91.9611200513245
597.9825076270788
3159.424477093185
-8.492591481889507
-0.1353530146973059
0.09208792072389933
0.019367305803507373
-179.49206397595285
81.71343323273089
-1773485.7180363294
-268.79343420345896
10.825144507447604
28009.0089664624
-713.2869630449957
-116751480.44466761
-73.95319457382017
-1791901.1155576834
-210.27332067576216
-1779.4650298865336
-1027.742866215349
0.00022680377620052272
9003176640.071186
-34.512179994589744
0.06428085558742827
0.0031582866902555707
-332.4134853973145
-0.8559025583571152
-164.2627034864181
-1.1551253199416583e-05
446516.0354986983
2790.2088146373835
-4537.095547981985
-0.021311515005139402
-84119.81691260086
29.323098935120466
1.018979733137307
2048.8649844591405
0.23238114639583546
42.11045212595757
-6016.931773686736
-2801.0790092505476
192761.8918314552
13447.644141248064
-0.04470152878138408
31209981.47133955
-12726.48278748329
-5.741355085213293
52384.83631804856
1830135.4375794365
-2503212.3353796327
-0.03161209372216529
-13575497.555152405
-32.1101167205713
7393659.9184757555
34.27871079041446
-5050.153053494417
-1593613.9901503997
-12.554702880225754
-42500.94358710864
-0.02997573321338138
1278526.694602793
-8.91229019369993e-05
7.42555151831311
190.66981999890461
-2271.673627260469
321.0334695423837
0.6591029564062199
-751150422.0796659
-0.0010246687656954249
-8395.968870597331
-1882227.5630118086
-36.23352847602844
-79949.37110303047
-6229307227.722079
-0.1374113388015758
-1.3907936322747039
287486.0849191765
30387861.312224887
-2947.9870618938235
3.1284870993643275e-07
-16430.956635598974
-1.5666074800528689
-9384.91564875377
35250.86738505228
3.8164694416719662
2867033.673089577
6012.180224780868
-2.415715258935715
6733.413002381002
-184359.52642920255
-0.021122632342328383
-108.47777782159592
3585691.4284658856
0.0006511710728950711
-258.7692214365086
-0.008010012393366604
1377616585.3364043
47662.02622732124
9009981.661592387
