Determinants: 
45.648804209467265
5.909517435027103
1.0
3.423184723264601
1.0
1.5153037835015617
1.0
19.299446654555098
1.5776299207143398
1.0
1.0
1.0
194.25892742709547
1.0
1.0
1.0
1.0
1.0
0.17442550819158992
5.704188383657151
28.047667386731156
5.398436162356225
1.0
1.0
0.11771916181000917
43.32222208742099
1.0
54.87011834955443
1.0
1.0
2334.11697195789
100.94615051663281
48.725104107294385
1.3256470115526229
1246.1599081185059
0.32407462934504244
8.014683211176493
0.9999999999999994
21.907882808348308
39.92566056615628
8.448962574260987
401.75437584747607
0.030244696798928546
13521.069234594059
68.80386733654878
7.087283366114262
25.174423144387923
156.26767763596644
1067.046579904228
7.875163718454834
821.6559387472399
0.9999999999999968
119.34610886087891
14.807172058728497
31.136064656102825
7.971136410471717
106.2145643403028
7.854934131154175
343.3769624971866
183.87080460875254
184772.43424416444
1.000000000009302
17.173281979439096
0.9070904632390518
33974.27007008082
1.9435739375125423
1.2532685228069451
1898.1832682642234
144.38501923994733
1426.6001677542893
2508.2446026499288
180469.13577091022
1157.8146925610156
1441.6552469431176
442.6994765149213
228.70957977274043
0.9999999999970459
2773.963362849478
19.051644508954553
1385559.9505248931
58.23237790246911
27.518006466456814
1731.7143092942233
231.88923350544033
13.815105998571866
550600.7856383867
620364.9723941996
93.29997818042312
0.07646899850410559
23.869396597206514
288.4410778742553
221210.59998954803
93.61311599218624
0.2549760628599388
1713.7713813613393
14281114375.91937
53.23373481011755
43080.654440599
53.11555677074571
14011.824821517384
10.570608039101877
9.505534487582233
2.4699409637610032
6109.755786138963
6.887584520917223
1.0000000000288596
955.7418412100477
8588361.22040668
92.42441497807843
4.126778939815268
27.049911538788123
145.76677823460327
0.001519496623955058
249.17111560602424
60284.08537045594
565.9918749746736
38791673.22881487
2847.512927673905
106.64068465935414
557309440.2156323
38736.743069035445
92608.11972255632
52996.29052587249
8661.306131443662
2490.8518855523744
50.46181047590472
1952434.4958695744
15069.11866760982
89127.97536621569
289904046.50698817
222.52043106366904
84666.43324277108
4.872288906403493
532907.3050563621
4805.977519018159
1.7195325336931069
31831864.64885241
283.46983072552234
68179.04253722983
8342.96787892566
3425.6561843515897
18.507362561283458
150.77871458365743
12868.343498437796
6087.247393199864
3111.1966287099326
1970.925919447428
21370.271808188747
856299.0494960904
449948.59254926693
119.4942622522076
1.742677129156227
201391.63245231708
286088.38549090386
33643412.14929347
33.185596661084276
1170057132.32825
5.840010552286124
36050.00302910128
293012834.17263824
4.4253035531746026
19.413056498016623
54920190.391483724
18593.101210928882
12442926.543001607
75827.15423675672
499.5235948376346
3719.1917830193984
101.80584905346284
20962996.15761322
47537.28024418336
7.312037355543093
42475.19393270289
3.0788656166872035
2881.587152425037
2415.7491385780663
8477040.452965602
330860.8042521482
5412.418760351216
101.72986274384627
3.728682612434529
1.7975786088395895
33458808.534217402
5966.908828949238
111.25160677922055
59.9023834426403
160.62691921721748
1133086.4951184166
2335.3318311169833
184490128.62948427
78843.30400297455
81553123276.72061
967.9320480882482
4717.877750772525
537418.7778469832
-829.467828935828
856.0769669568808
2243275.866245405
2133230606.7707078
1337750526.6982682
5.1504187214306
136632930.00938818
1355.0573130832768
4608177055.080681
21204.50175661207
547309.3843364159
135840.73539864915
6216433.199940727
1357568.3929805385
504897.42067002674
34147.436570005695
268.55428635494684
261165185.21792367
1190748.9852738513
70077.51451300917
7963027.503819935
27605.262145879613
36923921947701.45
3988448.058664695
272212.13042804715
9640224.444845332
135060678.00601918
3080546515.236652
11308906454.068743
140833640.14781302
3863.201654437674
448266608.8894063
27656735890.86014
70637.26456144305
416214088.26292604
80196.3614443003
31158966923.30201
4236.427010263313
52689.931388917714
3029.641120398501
45678467.8866246
1871.8522567136722
0.9983814972166698
1047900.8861827822
9431967265.145548
24632482116.41536
3297532662.893017
528690309584327.75
89.51934009180327
927988.3424103096
644338853.7681587
268087836.42369416
310439.2036434461
10324282631.404222
196769.7532655721
181469.62120867465
231310132.11235577
3028003.330775804
4805271.367196957
119892211.42312202
94404.04541681946
-74381.64181381604
2145486629038.895
873867.1463116107
228873.9746968273
47865.00149896815
10615323619765.277
14492530.673102926
69751.7099788999
433935198.2884782
-345401372.05287504
118726268554.83582
102763232.11792281
36863023.74681475
85333.65793591876
3981539385.7261987
-8616701437.321497
1297921.7869767928
612497547021.2273
80023892855.96004
-470149870.241036
5199775254.678042
830860627285256.5
2602759955.598706
12661181.407487981
1744413580.963145
147371358.34969237
-50893393.95212215
-13.494804771058593
2465687379.235248
-431086267535.8585
600031484936.5747
136987805756.51788
1748198818.0415204
-450.84688358382584
1059693027170.5944
-233566682637.66025
12786982906.306143
37764443323.08295
336308015505.0291
89302136.25239056
-26953795.18937937
67742621.26490396
-218826920.9181381
330552381334.92065
1373991116.9959931
113498276.25220586
44310620.82237142
90948015.41504459
100947270456860.0
2133596772301.0269
-994783319.2438781
-1011994454205.7803
-22195039219.96422
-57314032312172.875
1195648685539457.0
49093813540486.06
613.6740325748623
183398430203.01453
176929.7877046015
-172737043.6417543
78063695.28423084
3044032430.752503
-23289794394.856266
275260386374.67255
-3.750392314493057e+16
2950804.398270297
-2308767.5359101347
37991177601625.414
165884864304.71497
40422473850.53802
312510704818.679
52706642022841.77
2520081617517295.0
-2470793075786.0654
1378222624184688.0
281715847433.39905
336859764529607.75
29816351125614.574
5999731779.517613
84862446825.60405
178196609.57362327
700004658059.1196
-3166227064664.7466
614439450591675.4
-4088132051165.5957
3210669522868.679
-48245462491.73928
2.5417616891765782e+17
2.7334016499378698e+17
4.548641028560084e+16
100336.7695548206
24484220654438.05
-20265323042944.89
-7409433325.500017
-1663266344.8096294
2279017875477.3315
110990663915875.25
8857510019213.96
6.959685876475538e+17
5969917780120.077
4.795731684541508e+16
55999555061407.22
224311129098.9255
162081783357968.8
8.246620865464765e+17
-20026863590.249424
1570995701489.4878
3.878304212050353e+18
3.294540381193589e+19
946982517117957.0
-4685818349644400.0
-1630717594.1331084
2884930805174.4893
4.7372408089036243e+17
-395141583895031.3
-2.7562119025323532e+19
-1.3916215057409393e+19
-2.9627684609123234e+19
357728901978543.06
-15556701809852.773
-13912821517006.072
7.158912062978147e+16
-3368413061057619.5
9106125683923060.0
2301750742292186.5
49388901631131.49
-9174885011807.07
-2.3646638253477105e+18
1849588248625821.0
-20393480093.665348
35976339567.890724
6991756613654962.0
-5.336798291340675e+19
2.199391028058512e+16
-1.284538032272366e+17
-1.7972497785852676e+16
-1.5774409846746968e+19
-5.790169685149034e+17
-1.7267690590697871e+18
-7.261012810996789e+18
3255719279705592.5
6.136954452931415e+19
-7.704662175203923e+18
5541478705695.381
-436177844769.7998
4.014087340378129e+21
-6128345716811.4
72367241333571.17
860039906366969.5
-9790749063265784.0
-3.8820899515953316e+20
9.371166347440654e+18
7.530780152728784e+18
-4723951520569844.0
-1.9714054367626666e+19
-1.0277296609903121e+18
-341733826784691.5
-3.413583302278274e+17
121423386072.68396
-122604037671490.55
-257315092217959.12
2.636491030744373e+16
-2.470425165255068e+21
-6695541265288.714
-3.983886681058117e+19
8.442824490140728e+19
-597634746383.5679
-4.3660641933164245e+21
-3.153232032560962e+18
-1.360957442779416e+21
4.217153057947203e+19
-100607962388.26054
3.303882454636585e+17
1547073984622492.0
3.5824815922194907e+19
-1.505386514245929e+20
-1.3092958760344187e+19
-1.2078729936353802e+18
-423496495728221.6
3.515047506001998e+23
-2.9029366307571304e+16
-65124840922203.45
3.2513319001373894e+17
-2.7358759013805664e+16
-1.8299918509425125e+26
-4.6981434272577315e+22
2.2514311592706274e+23
7.006457058909507e+21
3.229898124634106e+21
-8.042294764062063e+20
-1.1541015915807611e+21
-1.3284794775411368e+21
1.144940470239013e+18
-4.543511223405048e+22
-2.6072364399801423e+26
1.137277506457397e+18
-9.357847624567102e+19
-6.848658034675305e+19
1.898241181538198e+25
3.418224028763077e+25
4.747053434836038e+27
5.870413639960424e+17
-5.250878252422489e+21
3.941265817678393e+20
2191774882223170.0
3.1649327641201058e+19
-1.1124006921720749e+21
-8.700959747495782e+18
3.5558354070812296e+16
-5.278730349994958e+25
-1.720958679590235e+17
1.8221682289765598e+24
-2.1043047835177037e+17
-1.3079846228272957e+25
-2.587498804777747e+17
-3.234929956180061e+22
-3.6501572383338025e+19
4.424037516136417e+21
-6.438143367010215e+19
7.0192026409049e+22
4.344619901957765e+16
1.97403891699941e+21
-237963001077487.12
6.594001287134156e+18
-2.784959455533299e+22
5.190948703414446e+22
4.7323270384337293e+30
-9.654347087614316e+25
5.426086854624118e+29
2.2788899284036253e+26
1.6628037979165882e+24
7.486252920599233e+26
-9.575072399329262e+19
-2.8969890482028577e+23
6.805852108858055e+23
-2.567684276180683e+21
-1.3251922146779421e+24
9.374621868856531e+17
3.4843212608992552e+25
-7.33051078791855e+17
5.085243125737912e+25
-1.9175619290417966e+24
-6.628843927073506e+28
9.047861190644928e+22
6.81479609718102e+26
-3.647372191682293e+21
-1.7671417907289864e+25
1.7231005611010334e+26
-3.186490443221696e+22
-2.9239054539864117e+24
2.2422327802918887e+25
-2.4503097423560065e+28
4.065388443922105e+25
-5.942945672185398e+21
4.404248855233232e+26
1.056265929288545e+22
-1.6636200021944478e+33
-8.148893784244885e+32
-1.5619421909986633e+25
5.928782213118192e+37
9.41104382736114e+29
-1.212088008767179e+23
9.879898122204995e+25
3.1001838002552503e+23
1.5729140231827833e+24
-2.4218266000598473e+28
2.8812106538091137e+31
-1.5472593746460146e+23
6.747848739028706e+27
1.0277886854585182e+25
7.365031880669797e+28
-2.803988342274758e+22
-2.1140515133839293e+32
7.162507730132687e+29
5.7945280104821935e+20
9.680517363205287e+28
2.717167514576894e+30
1.6020406088203429e+25
-9.555442127949953e+25
3.1851895435220543e+25
-5.892913550501253e+24
2.631776242247417e+23
-2.7318717108061935e+30
-1.7989581208237433e+30
1.3714320621175948e+35
8.240660123710967e+29
6.306257876565778e+27
-2.7014335609641925e+26
2.853174014557293e+33
3.1158925964918693e+29
5.021352932427537e+31
-2.3133522717336776e+29
-7.420368987153381e+32
2.4113591864052344e+35
2.4064408417299747e+34
-2.9944911524396196e+29
7.87646803509133e+23
3.043439285313229e+30
2.376247371516365e+32
-4.936128570645124e+29
-9.85551057602452e+33
-9.425843297624638e+24
-8.117825726274335e+25
-1.5100570718738338e+29
3.0248421881197893e+35
-4.0984738955161323e+24
-8.515256484309259e+26
6.0743892914311714e+29
3.0297431432130836e+31
1.3832151499863883e+34
2.762844790716634e+23
1.6792847393313212e+23
-5.396062023960097e+32
4.378512872869319e+32
6.457804590680873e+26
-4.616704583801896e+29
-1.195423263364104e+37
3.524205526383787e+30
-2.0465293515592014e+35
-1.0386539012854879e+35
2.059923402808283e+33
2.796141725006712e+24
-4.0491997043016575e+35
-1.7444082941499634e+41
2.060390572002523e+29
-1.3073629001115836e+32
1.5883178507544252e+30
1.7293373776625095e+35
-3.060477727623313e+27
1.2454122248623513e+32
7.855691411559623e+31
-5.8685023842934785e+34
-3.5080221468582758e+31
5.965136092237626e+33
-1.2738749552590283e+30
-1.7957408653701267e+26
-3.076876907534279e+29
1.588579919287656e+28
5.543852046256593e+32
-1.2227990875311566e+32
-1.2582364976271953e+36
5.909864387514796e+31
1.3237828779890287e+38
5.5639705161132636e+32
1.1693452954374103e+37
-1.5486599747583604e+35
-9.428123754152555e+38
-6.982969616635365e+28
-6.535485400262195e+30
1.4180189487601503e+29
2.2657819030251827e+25
-6.759809778301158e+34
1.2517485628836334e+32
-1.253872155750939e+32
6.481958738935774e+34
1.1579821633793326e+27
1.4187555904706594e+38
1.0549538151500495e+30
-7.110252008136509e+33
4.725646102367567e+30
1.3063999380003763e+29
-6.832657525943886e+36
1.4044381468177032e+33
-1.2202685128367068e+36
3.0672517003698193e+33
4.005305728137706e+39
-7.75134155063159e+35
3.419381541056733e+37
-2.4326489245635277e+32
-2.5170991608246652e+36
-8.861763082045791e+35
5.611343652418787e+35
1.1180275851921927e+34
-7.554353267087158e+34
6.194053293836662e+42
4.8207449292664747e+33
4.556949380818319e+41
9.276572313610321e+38
2.296168351171281e+40
-1.1704767730108971e+38
6.200596979661799e+39
-4.4652267729137257e+36
-5.581326217489985e+44
-1.368550799623767e+36
-4.2445822975618374e+41
2.962441207910483e+41
4.587735891033066e+43
-2.4217221033221976e+42
1.2542433184738587e+39
1.0754259447346315e+39
-7.107273970443207e+39
-1.3919901122054642e+38
-9.075689293240724e+26
1.3386550830501405e+43
-5.7836657376362e+37
-1.8542102184587265e+37
-2.359300910756694e+40
3.6844359054512146e+34
3.1792596416629624e+39
7.907298577842726e+39
3.5470960765267855e+31
-1.9123469252230134e+38
-1.5953501564229092e+34
-5.5269570185851775e+35
3.767389986132027e+33
-3.5623041022157045e+41
-1.6454097437846933e+44
-7.025566975610736e+35
-8.505781452378013e+39
1.7866158810216998e+47
1.3223049147743982e+39
4.008449039562322e+38
-3.181625920374543e+42
5.6229585442417e+36
-1.0289416424286373e+37
1.2660937779069267e+44
-1.1166020180557508e+40
-1.2228086640460684e+46
6.582110116911837e+33
5.449033151109599e+41
2.139311814005389e+44
1.2992575285537582e+36
-2.3971687603681115e+39
7.177450332317743e+41
1.3056200423384783e+39
2.7511070201046604e+40
6.075888407578442e+31
-3.954161138572608e+42
4.934686107189822e+40
2.502492189447526e+45
-7.578202976450014e+44
-3.763939541879615e+41
3.129945034479067e+43
6.481195473022769e+40
-6.234396349750487e+40
-3.563215407943597e+46
-6.29441268154555e+41
1.0732495754871693e+42
3.52628451960545e+46
4.161691960309102e+45
2.448335151361689e+41
1.240767860384581e+43
-4.083521937619734e+45
7.783477321920559e+44
3.817415534102827e+46
-5.573686704066229e+37
1.5514727097384998e+42
-2.8665931692439196e+38
1.0664247704613094e+47
-7.719325414832741e+41
2.5626539820021805e+40
2.370487943818584e+41
-6.813060414861571e+44
-1.2272159342234897e+43
-2.0464130276961276e+47
-1.127650215854052e+40
-8.96301299075443e+40
1.4822269265696084e+53
-4.2265507302557624e+41
3.2191040711715873e+33
-1.1574673258571774e+46
9.419208726529585e+48
5.814771618028607e+47
9.864603449290401e+41
-9.911482289582857e+49
-1.5128188915598803e+47
3.31638386831224e+48
-9.257193873252878e+50
-1.5779579646392428e+51
-5.3399377009344026e+53
-6.425735726415506e+46
8.89305360374954e+50
-1.690147440912789e+42
-1.9102642056490527e+46
-1.3481978788741705e+48
-2.533011511991215e+47
1.4401102281205892e+44
1.0893353777447784e+50
3.527736750497338e+45
-1.176435699809246e+48
4.257163872304317e+49
-3.890883998143967e+45
7.127618109572825e+44
-2.432754837280137e+43
-1.921116393766995e+47
2.341439720950974e+44
-9.666919088745087e+52
-1.3514486369624084e+49
-1.0821358873739485e+50
2.674321117906806e+44
-2.3932184856145548e+48
-3.4870084974576914e+44
2.9358548720136224e+50
-2.1513879503367612e+52
-3.77232739021715e+51
-1.236532333993265e+44
2.0558689493544946e+48
2.1455074813586545e+48
2.758008833658206e+46
5.026876005063959e+53
-2.1761092351615459e+52
-1.5246602582856531e+54
1.2384542678986425e+46
-3.799106841430589e+44
-1.0797064025326854e+48
2.0213568485487143e+47
-1.724000194356067e+46
-7.770499684006996e+44
2.1465638670018187e+53
-4.515741904254832e+47
5.623723915684715e+44
7.982423483373917e+52
-6.95542229908461e+45
-1.6631377887561503e+47
-8.099875921509453e+47
-1.7605432519562484e+46
3.203390570482423e+50
-4.415373838166267e+49
1.7343544836625737e+44
-1.848681339554834e+52
-4.733767438080409e+50
-2.0700651536096214e+54
-4.286658741457844e+54
2.3497284273504893e+45
-1.6072274160815835e+55
-1.7987612062097522e+53
-3.5974728927102014e+52
-1.9566406287153354e+47
2.8512385935091395e+54
-5.805365629439546e+48
-2.553197685159254e+48
3.872396281498825e+53
1.3709663297870077e+56
-1.0905707928243574e+56
1.7606718305848732e+58
5.229250010073066e+57
-1.4203008923674832e+48
-3.5828037427475675e+50
1.6715144226866314e+58
1.9404765101773452e+50
2.829390809631256e+57
-4.808618324336138e+51
-7.49497457241135e+46
-1.8932990413140918e+55
5.246706001106608e+49
-5.4092417326338925e+51
-1.537512532887627e+49
-1.6771270274304935e+53
2.2829566822117607e+50
1.1439397109862834e+52
1.188603207928566e+48
1.298890688489051e+52
-1.745990528701772e+51
1.0375594344765905e+56
-3.3217140082295972e+53
-3.37070103890206e+56
-1.1442213600046925e+56
-1.5012570066280255e+48
-1.8328753439277238e+58
5.103456192357797e+58
-9.021753227740638e+59
1.8526126920276448e+53
6.951449577220038e+57
3.9455230966550965e+55
-2.3584412280408627e+56
1.0128051734871389e+55
-2.887876084048756e+58
7.482655173186016e+53
6.622990911933889e+59
-3.099973912792327e+56
-3.388729822370061e+46
-1.6990194132155872e+56
-8.517323828033437e+59
1.0790889127513858e+56
-5.5544784827860035e+56
-4.710967351839419e+56
2.4376007344500003e+48
-1.5635996558370635e+55
-4.1917942413554526e+55
-3.296484429703101e+50
2.6142007726967045e+52
2.833348691678461e+54
-2.0405660156874817e+59
-1.047997004173343e+57
4.0059264885079845e+53
2.950198761528065e+55
8.068906646618412e+55
4.036633430290024e+63
1.376387443626123e+60
-9.267526197468097e+58
-1.0169441148854879e+63
1.2648678721517438e+69
3.74693724834019e+61
-6.851672861883793e+55
-5.354186782215622e+58
-5.851626781248767e+56
-1.882437193080836e+56
-2.167529390876478e+54
-3.1470047202421373e+61
1.0499336328539895e+60
4.098188888669524e+62
-6.212680840754271e+60
-7.463126965341554e+61
-3.8079868202971776e+57
-4.632580660204848e+62
5.281029996864018e+58
-9.477195121460566e+59
-4.7180669999592604e+63
-4.808428940027142e+53
-4.111059477110282e+56
3.929898527662272e+57
3.597320536477637e+61
1.5160665408659901e+66
1.9668246178968655e+55
-6.944117301518792e+65
-4.656970324900948e+59
-1.4954126626542313e+61
5.831238187575017e+60
3.506065878116394e+59
-2.175534420095439e+59
-1.2872061196502812e+64
-8.090697194912906e+58
9.673933161894327e+62
-2.391621862351594e+61
6.717597110797475e+60
2.1301046310368062e+61
-3.850659812557586e+60
3.334577355932377e+61
-2.121684265207223e+65
-2.530860756496931e+60
-1.1912491367389013e+61
-5.575018034429147e+61
-1.5845726789340276e+67
9.6609758890678e+64
-1.9840228343197627e+67
5.9128183020609786e+66
-3.4662316566479974e+63
7.793581494412187e+60
-2.4100794373375715e+64
3.964768286872508e+57
-1.545895008011761e+66
2.815819215657194e+68
3.2863345837742672e+63
-2.2100995665120293e+59
1.8626576448804798e+65
3.961786454963217e+63
-1.4672280928313435e+60
-4.446734448930857e+59
2.0380541343442107e+62
-7.587623379683789e+58
8.196947075894692e+61
-1.6671386321425321e+66
7.6157301134156245e+56
5.460766860009649e+62
4.8264515726334246e+64
7.889902250344963e+66
1.168343931688516e+65
1.0840429990750328e+65
-1.5323728951469077e+63
-2.5460643988217906e+69
7.13666321451853e+60
-3.381223640718758e+63
-1.4980220103422702e+62
-2.0485862630526778e+68
1.1324704615083074e+68
1.0775810424797663e+60
7.726863088565555e+62
4.2956135283375896e+67
1.6001286690948049e+66
-8.872622364147137e+56
-6.3792416128613225e+63
-7.733310590757384e+62
-2.0670203649462197e+63
-1.754995014668317e+65
-2.7857396780735827e+62
1.5370852431750245e+66
-2.643355611131862e+71
-4.082485675738042e+67
-3.2746369971094033e+71
1.7998150203685102e+69
-3.509488755348389e+68
1.6047315373281444e+70
1.7381725253417004e+70
9.296956787797347e+71
-4.271642524765949e+60
-5.5527068085857666e+63
-4.261624311080193e+68
2.8540610397513545e+77
2.2871948074645522e+69
2.1605477209433166e+67
1.9334118311864034e+60
-5.3970313928079225e+57
-1.200452618919291e+67
2.8927706198222577e+67
-4.2415252920776805e+69
1.815967687907382e+64
-6.713990578075165e+71
7.142695823835225e+63
5.3733322331526435e+63
9.3598681061419e+64
2.0751636320178195e+68
-4.478399003377607e+68
-1.506036259032351e+74
9.345766607657002e+70
-5.211065920343849e+72
1.0763265891173531e+72
-3.487767130404065e+67
-2.78814293408635e+69
-1.8547976271683184e+73
-1.9226702742404666e+73
-2.812824186100275e+75
-1.1970633807435778e+73
3.6251619094737897e+71
1.159988782069155e+69
-4.5272457265104583e+70
1.6521480444180366e+69
-1.848767019874946e+69
-5.618059912299528e+70
6.967587159258783e+73
-5.821655413988965e+70
-3.467824161295638e+70
-2.51690113842052e+74
6.596477863176231e+72
4.9896072299198475e+73
-4.438538247204268e+72
4.8927110060734315e+68
1.6228427612926094e+76
-2.5135410165863716e+65
-6.5861585720908044e+66
-3.358620886208634e+74
2.4804969422282687e+68
-4.666451835931895e+70
-4.572181456280132e+74
7.36342679359094e+71
5.011085412175187e+73
-3.9205913172388447e+74
-9.189620592289603e+81
-3.556074115113665e+69
7.33230858245655e+74
1.732299591582319e+76
3.512175285884211e+72
1.5134859754724162e+77
-3.787048528371373e+70
3.972849758013984e+81
2.2908360981295454e+77
5.940837198461289e+73
-9.656965713572365e+82
1.0519440706896827e+67
-1.4744112098037432e+71
7.600795390904096e+75
-2.7196747892466365e+71
1.382485357665756e+73
3.083473556464618e+71
-1.7727377843413292e+71
-1.7587034588087305e+79
2.5208246117417514e+74
2.526091618445183e+75
3.780604951113853e+76
1.7944374414979548e+74
6.19686206548683e+78
-2.0065081327755472e+69
-1.2114040822241968e+77
-6.206706542578555e+70
-2.8491719549319313e+72
-2.4075532224255292e+76
-7.378743759523666e+81
2.5091982896960595e+75
-8.262496424699473e+78
1.0373368158005505e+79
-1.3281771181199616e+76
-7.131434724361788e+83
4.420532405803819e+81
-9.185334609252178e+80
-9.320064417882324e+77
4.679526621731729e+76
5.907648906790169e+74
1.0665443233608708e+75
1.3277149347580244e+81
5.933067365560451e+76
-3.203793432026106e+79
-1.5096190157278613e+76
-9.752964326833853e+74
3.721630826523344e+83
-4.2788298127863135e+78
3.021944245686565e+78
-8.397492947296613e+72
2.382139959792527e+79
5.19914597230983e+77
1.187729893269783e+75
-4.586000488828063e+77
-2.849980888874499e+72
5.812373009520412e+78
-1.7255604439569389e+80
1.2446433967718574e+72
-6.308686810294514e+81
3.1462392141393676e+81
5.426606383783036e+74
-5.066415432189368e+78
4.100274675434089e+76
-2.8319677749510636e+75
1.268330366521099e+80
1.1867275432352807e+84
1.5179522627974138e+82
-1.2798863799725436e+82
-1.3794431388901287e+77
-2.548850468129554e+76
1.0774659695181057e+70
1.88767679469059e+81
-1.4966197256107128e+83
1.2191710762903765e+88
-2.859875569621545e+87
-4.00230569332631e+82
9.568418016146308e+81
-9.187969746159584e+84
5.202749356055564e+83
8.090025554184874e+74
1.1655386139128962e+76
2.884544298816231e+77
-1.2334709952866021e+83
-4.6950742283810765e+84
2.869511008906723e+75
1.3507636620676197e+79
8.942547023731686e+82
-4.7006437603456143e+79
-5.9821728282071476e+81
1.2559131447683661e+84
-1.5637243440331222e+84
-4.0873620002602375e+80
-1.649664736157261e+84
-3.307225282846943e+83
-1.203131666411885e+83
3.809725827712474e+78
-2.864326920979655e+86
2.0417267250671234e+87
1.0261497419695493e+85
-5.8946810549108534e+88
-1.2848412743253031e+85
1.147478117714455e+86
6.0001790230214755e+81
-2.4675674285249223e+81
6.945657081046343e+86
-6.795867219196625e+87
3.045942734521969e+83
-9.055051708926315e+85
3.526813006940304e+89
1.5845438568892883e+82
-2.767718715337135e+82
-1.6051647642890294e+85
-1.6510851414193467e+85
-8.989163994369219e+82
1.4981077914527228e+83
1.6237744187346317e+88
-4.622885583751465e+82
4.6323481643465376e+88
9.697657029296963e+89
-7.927523151547398e+83
5.0235273310964825e+87
-1.8284182931105563e+91
-1.9159024425870474e+84
-1.694903451204248e+89
-1.4850872448537382e+88
-3.395803248715376e+91
7.00028048847182e+86
-2.480363690867751e+93
6.988679046487594e+84
1.6661077585882805e+89
5.678447436137093e+90
-2.1003926497452375e+85
-1.694053313651322e+82
3.9345301897704163e+80
1.0458549459908483e+88
-3.4702652962041555e+84
-3.9881937756863755e+85
4.282223404792486e+85
2.7547108421362615e+88
2.3458581137502184e+85
-1.477862261390575e+83
7.05057809657452e+82
1.3299906319521774e+89
5.247888207360785e+83
1.1068797170371798e+83
3.0373113916948643e+85
6.9904981635190915e+84
-5.1446527632315376e+91
1.6650995405525871e+93
1.8893360481173257e+91
-1.7712666097622507e+92
-2.3496950314610293e+88
5.796332798027315e+89
-2.9205858500158055e+86
-6.072943532371421e+90
-1.8431099937964264e+89
1.7632010395812123e+89
-2.4207548736147184e+95
2.066516512365683e+96
1.9394026439989029e+86
-1.547537072306174e+88
-2.0513966966349202e+91
6.763599550441307e+84
-5.12933922146282e+89
3.484260868973677e+96
-2.0469567865583374e+87
5.099753814681606e+88
-1.410089759536778e+95
-9.836562989644941e+92
1.2929112260179151e+94
1.9060151967299072e+93
-2.3482370508155623e+92
-6.216001306877273e+89
-3.3188479494339247e+90
4.7177299279558384e+88
-3.446734962968982e+94
1.407775503819942e+92
2.726913342642601e+92
2.9314837296938684e+89
-3.108500746572165e+95
-4.33244810764885e+95
-8.913413127806086e+98
3.4775038335089995e+90
-8.358112968628127e+95
-3.5824568914438887e+93
-2.0049649840171652e+93
-1.4038992817231448e+85
-5.582515119575454e+94
3.3844547852884384e+101
-1.0343564435871086e+99
4.546606759848718e+86
-1.215917842317218e+90
-1.7298487896052004e+92
-2.6330586758838184e+96
-6.944162857488062e+93
7.076002194022293e+89
4.21046845581271e+94
-8.834310522327323e+105
1.7474528753592727e+92
-1.1512082844200748e+95
9.746600503253591e+93
1.0760653346326607e+96
-5.8830460680233585e+99
-8.692653014246004e+94
-2.436140165398747e+95
7.81585126141052e+102
-3.6739209136083035e+93
-2.8474280702305408e+93
-4.309144439414668e+98
5.227213181421202e+97
5.131139187637168e+93
-1.1445150020873402e+95
-5.930373424276086e+97
-2.6045393860395093e+96
-1.2355870281157837e+103
2.5099285471011812e+98
4.489031232865764e+98
7.184439417132619e+96
-6.118812819253519e+101
2.1949286959449818e+98
-5.934728105143963e+97
8.499159442298684e+97
1.0202858886759563e+101
-3.896569172541042e+96
1.6443400440094879e+100
5.448891276605725e+89
-1.687964511099783e+96
2.7964383460805485e+96
2.713606784510806e+95
1.4290520520741492e+102
-8.697158148171922e+97
2.7433793384453497e+99
-5.991597650229003e+99
-1.8689953304642815e+99
3.41844962191985e+101
2.474138815559753e+100
-3.593074866596639e+99
3.522955545631944e+102
2.730337680986035e+102
-3.6437106299747156e+99
7.008337436399885e+98
1.5315368391952463e+104
1.540897247609101e+108
-1.0894526362690604e+98
-5.0668265584815714e+95
-1.5458576767324944e+101
1.5317059312252445e+100
3.500575084645469e+103
2.581889321259724e+109
-3.3330025250439264e+99
1.7871124141596396e+101
-1.9052960536167822e+100
-4.11877948485175e+98
-1.4156365269215946e+100
-3.561240662858204e+101
-5.342061109094785e+100
2.1353106136140453e+101
6.107500568617163e+103
-1.395805114459623e+101
-1.1664689210862588e+100
6.07236127419411e+105
3.9382742860143366e+98
-3.6016367682893e+100
-1.60329591288529e+104
9.947545360239345e+105
-1.175880074071073e+103
4.0387652336352206e+98
-2.0994878348373126e+101
-9.537015327303039e+95
-7.144015769967421e+104
-3.993240258291314e+106
9.641860069663093e+102
-8.981234619958685e+107
-9.575460601674163e+105
1.9716401186230168e+105
5.603710796000931e+102
3.2579744860097135e+103
1.5834046406606873e+104
-3.8220272863466355e+110
-9.962235181254265e+106
2.913410719409096e+108
5.913193380228389e+108
1.7738793131564931e+108
5.114017816903724e+111
1.8898123936133696e+99
-6.460256925534869e+102
1.9401500081625108e+102
1.4264809883171982e+109
-4.164334831609405e+106
4.013200532699463e+107
-2.635225929084828e+111
-5.258652862970924e+99
-7.164950413995083e+102
-3.672434706820501e+106
1.0723590768528583e+101
-7.018381672248476e+107
-9.875770384213686e+101
-1.2214516380734551e+109
2.4726498478756056e+112
7.959375587912081e+113
7.388821321930522e+111
2.4975536034391274e+106
1.052121059512347e+103
8.94817799780333e+110
-1.1950752014759576e+111
1.0308912936561142e+106
9.030919706244925e+107
1.6003617764710177e+113
-1.8231765451223204e+110
2.7691993918333163e+109
3.45944120499054e+110
-1.5317821008735577e+105
7.964871366569542e+111
2.7321253218009525e+107
2.9973293257372514e+111
-4.8523027549326606e+110
3.051152778510609e+110
-2.1348045971382104e+110
2.1162499058378283e+103
-3.748167152527938e+108
4.27076633940686e+106
7.746262532567288e+112
1.0589280507244558e+114
2.1153108497363558e+109
-1.983462475716772e+108
-1.8466937551988124e+104
-1.4701969763954197e+99
-1.2493628926208251e+112
6.388170503002715e+113
6.81585375100423e+115
-4.077814564823791e+113
2.82240505275046e+110
1.9015122716165705e+110
2.2041529183464218e+107
-9.713936706419341e+111
6.595742195558292e+108
1.6904767894686931e+112
1.4453080150300637e+104
8.004768329214619e+109
-3.818194030268699e+120
4.011815856878236e+111
-3.7165831328680283e+114
-5.140015263390713e+114
-2.6867465611890308e+107
-2.707085120296739e+108
-6.2903538736063786e+116
8.61646625541987e+110
1.765637653583072e+114
2.977658693805303e+109
6.411463876350315e+104
-1.0255063131268585e+116
1.0487120906969181e+107
6.732994949201973e+114
-1.9114936520458367e+115
3.4822469801757606e+114
3.454661682933204e+107
6.684988047053058e+105
-2.3850276671469322e+110
5.659886177978431e+114
-1.8902702279280183e+120
1.9445195595206044e+120
-1.994553044820915e+115
-2.4996043033175342e+119
-8.365127997353614e+116
-3.506775946643216e+113
-1.2441300620873565e+122
-5.6331071908876316e+107
3.96692455674844e+117
6.258919310316512e+115
-4.367259435455517e+120
-5.435804439213784e+114
-3.04523620724546e+118
-2.6370657721560596e+120
4.391455340428256e+115
5.066520654421566e+115
1.174156999939785e+114
3.4668911145286665e+114
3.244105130725685e+117
-1.3973465847674466e+117
-5.48299815580563e+116
-2.241000011760161e+115
-6.617323475204116e+119
3.5849787410592465e+115
1.3144389593293719e+110
-2.525587181104931e+123
-7.9961247282175e+107
4.064614819927095e+123
-1.0617913766498826e+116
3.923092100648213e+123
-2.6512473754779197e+116
7.489833721676668e+115
-1.8767908279571767e+122
5.120239346668816e+115
-1.8025563989245856e+120
-1.919286404583576e+114
-9.566634623187961e+119
-2.2031405361853974e+124
-8.44849187211905e+119
1.915575687155678e+124
4.2955296187729323e+123
3.1220569207452572e+118
7.956239508412127e+117
2.168103553767159e+115
8.902593535131626e+115
2.589763477217332e+121
4.108109588960694e+124
1.0676380703523195e+119
1.0791602096551827e+114
3.4227223736943047e+118
5.0934332365093275e+115
7.319403286757218e+118
3.952287095150574e+121
-5.728494956569092e+116
6.101316663912162e+122
3.4596560159959444e+120
5.436642899766033e+117
-2.955713135333255e+121
-2.0323053847007765e+126
-1.0009166041456967e+121
6.377170291597936e+123
3.139755700288883e+125
7.293761655422672e+117
5.6784527654789335e+127
-1.7707114171634776e+119
2.145761925080704e+117
-2.782508181685789e+129
1.8596610844223653e+123
-1.0444638769684052e+128
4.890694737632344e+119
2.105956446477631e+118
-1.8889375558575757e+119
3.8282917998914225e+122
2.7187373303888656e+116
-3.845770540835294e+122
-1.6819624702918537e+125
9.946199894343861e+129
6.508693302773044e+129
1.7459411720914403e+119
-3.994404280573005e+118
1.0655540447662797e+126
4.833602142420346e+122
4.398693666348185e+123
4.607763060155878e+122
-9.678699023319044e+123
-1.3997814322976732e+122
-3.3424141509552345e+120
-2.1941052673781604e+116
5.722457763435288e+120
-8.41255532125073e+126
2.1883822273055336e+127
-1.0596002082007262e+127
2.5132862894704527e+130
1.5148304229370732e+133
3.675003597731622e+123
4.242163229155535e+125
1.0992798307143702e+123
-7.955283872703542e+122
1.361951306723564e+132
4.360006619542643e+122
8.101624348590323e+132
-3.731098167225242e+130
8.740079185877321e+131
3.85115037387309e+128
-1.8470119554237398e+123
4.2242019556176985e+119
-3.1201680898465803e+128
2.141175605828229e+125
1.6462402974303785e+128
-5.992287808292851e+125
3.3589223066263265e+127
-3.3708422954645357e+124
-2.347891684507575e+123
-8.006551045305089e+130
-1.3584006972187564e+126
-3.1079894127297127e+125
1.4802950020873191e+125
1.0419624461234125e+123
-2.899473598517165e+129
3.29333782178172e+129
1.528231967762717e+130
-1.8910631275026628e+129
9.848992802096622e+127
-1.341068513584799e+127
9.736049330302511e+132
8.254808883374854e+137
-1.0390577605175511e+132
4.440769400939463e+126
-3.34991753529384e+132
-1.2126741279918813e+127
-2.492499135607679e+137
-1.0317538990419214e+136
4.606991002846223e+131
-1.8364557954505887e+129
-2.857620255328096e+128
3.147597233476572e+131
4.80888103873441e+127
-1.337300411557943e+124
1.0545495477834353e+135
-3.074553626659436e+129
-7.384458288673877e+125
1.3721774289169465e+130
1.9000942971171727e+130
1.39138092087461e+130
-1.803817261922265e+130
1.3771461321051393e+131
4.24892230973725e+128
-9.350473126909184e+124
-7.617210041895586e+132
2.1708601962547126e+130
5.878948290165846e+134
8.1984311973095e+132
2.0038905028273736e+141
-8.188882741053117e+140
-3.20343685051224e+137
-4.3699168139266696e+133
-1.8522089132170863e+133
-4.2027548496329777e+133
3.541217695829955e+132
-4.795425395609739e+139
7.992851976832488e+135
-3.005450159334021e+132
3.976280586265008e+130
-2.1110995305367227e+136
-2.0074719001792075e+140
-4.432497012427149e+136
-4.5894544059169636e+129
-1.3254081158583325e+132
1.1581866088548467e+132
-2.4936919557640584e+131
-6.823085028499322e+135
5.104400598575854e+130
3.093959117258734e+138
2.2758879803933268e+136
8.802876272447465e+128
-9.380381003475114e+128
8.687193131845298e+129
2.7903376335826283e+136
8.085907140231867e+135
2.2368623943266633e+131
3.977601916002532e+128
-7.802413965455417e+137
-3.9868331011269294e+133
4.088811635938124e+131
4.4901361213880346e+141
1.1799091126294824e+137
-9.42628004264337e+139
5.587822475319908e+140
3.020648429737343e+133
2.6792755615995106e+135
1.0494833401427469e+134
-6.774160771113099e+139
-2.6538239158858264e+135
-3.358480131494472e+134
-3.813560573592878e+143
1.4968272297729356e+139
-1.3538979295634803e+137
-3.392534236922964e+141
-9.527900314838738e+143
-8.98598365182105e+131
-5.4316238982591596e+135
-1.7690981836779223e+136
4.8562689889329347e+132
1.3894515735096987e+137
5.7068683504262866e+144
2.0095447780033653e+138
1.3142286159940387e+139
-6.311015305430889e+135
-3.712065032269708e+134
7.045558910191302e+141
3.0222436384328885e+143
1.4199703266739764e+145
3.463142424963582e+142
2.8530333931151754e+143
3.7251951238739535e+138
-6.639028976529761e+145
1.9122032012718077e+138
-2.2719785604898765e+145
2.385644648228652e+139
1.002869143834276e+145
5.113989259386502e+145
-9.401801953311994e+135
6.545082228604265e+144
-2.968061956402307e+136
-1.826620679548803e+139
2.4402002490420276e+143
6.5991819898123e+144
6.3261982255101e+140
1.1080172021226878e+143
1.6220643439429665e+142
7.417030462601163e+137
-6.034163712136381e+139
-1.6474587137748857e+146
-8.488429516503297e+140
-2.182955396215341e+147
-1.0311281271491419e+138
5.959495862253449e+141
1.4923825375540582e+135
-9.302939065060376e+140
6.643434685213748e+136
6.788847269118466e+146
-1.7785335153174335e+149
2.69012482823399e+145
-1.3371824935765063e+148
7.342754488471142e+147
-6.065509881929357e+145
-6.300037224281169e+142
-7.864141259549108e+146
-2.895213052526816e+146
-5.089914643834751e+150
-5.680924806068165e+140
1.3965638523849658e+150
-2.439819010062443e+143
6.12995597095373e+145
-3.1570828861555167e+145
-4.5426161186468004e+145
-5.633571078681554e+144
9.279837127048664e+137
-1.2180890323654575e+142
8.077577892736528e+146
4.9161631371424615e+148
-3.9393318514202364e+144
-8.984048772568833e+143
7.222587590693421e+144
-7.109098597915142e+147
-1.0607176635717366e+155
4.237515346591531e+146
-3.1455835009916936e+148
3.0878154816408817e+143
-4.0178901144539265e+146
4.604941124899725e+146
-2.588863017096776e+146
-4.658239047884118e+147
-7.917983383160437e+144
4.620060590415758e+145
-2.77569732827076e+147
7.915567449528038e+149
4.402685094227836e+154
-7.0417736572658e+144
-2.590978661738396e+148
-8.50479385048361e+145
1.1972899077362297e+151
-1.5450674908442108e+139
-2.3737157952539584e+147
-2.8619636606514724e+143
1.9828396544348087e+145
-2.438550249921681e+147
1.3945415123755593e+150
2.429903575280506e+149
-1.5453439463372847e+149
4.448604247813755e+143
6.449637385565304e+141
-1.9451115904558505e+147
5.974803768367022e+151
2.952358880440247e+154
1.3978457992851052e+142
-3.246300855230835e+151
-4.451449395770112e+149
6.810482713677084e+151
1.0544787967475359e+147
5.688125525419857e+152
2.2511825913816808e+147
-1.5032296508042077e+150
-2.799374225282452e+153
-1.407312173417409e+154
-2.1270111510036257e+153
9.92243259748999e+152
-2.382560760780349e+149
-1.1789391334874212e+149
1.5153866127218496e+147
4.954249315091427e+157
-1.3700969362999822e+154
-1.6194833972295276e+156
7.458468350571498e+146
2.5091458600410208e+154
3.703854790635493e+152
-2.598326197851534e+149
3.9113038884028967e+155
1.1052315212893048e+150
-2.105388124862691e+150
6.128406260544128e+149
6.481048191563782e+152
-2.7277759894271635e+153
-3.0419619791045124e+155
-3.147569185210241e+151
2.9191021311594434e+148
-1.0174508262073655e+150
1.0063577111692735e+149
-6.571724979271141e+150
1.469974656692816e+156
4.613786424746391e+152
-6.580138606838443e+155
7.682961268233493e+150
3.729776754213144e+153
-6.077590803130006e+163
-2.0538460784549713e+154
-1.2141835065529858e+159
4.734161062282011e+155
-1.121831822667706e+155
-6.7679724909200415e+152
1.0213673411813255e+157
-4.947645969305255e+155
2.3683402295027586e+152
-6.26433576613004e+151
3.4996415015575183e+152
5.022404889685268e+156
-3.042941776721564e+157
5.834440530425827e+161
-2.6411677745151202e+154
2.99756823152531e+155
8.935612890923826e+154
-1.0440873291895342e+159
-6.257673150975947e+154
-4.888696048327331e+151
2.573657890997389e+155
-2.429699235474312e+155
-1.8272008972243115e+149
-2.14355106488282e+159
7.150308238373851e+155
-6.372563231545682e+157
1.5103422368850863e+159
-1.782760282426195e+159
-9.617455363202521e+157
-1.546937799312544e+159
-1.2139968331380451e+156
-3.2933951957387705e+156
6.682250517842817e+163
2.3771284745683598e+160
4.302283285970966e+156
-9.48503902766324e+159
-2.0863418196100033e+155
-2.0652840827532867e+158
3.256742070216319e+156
1.6687673245812323e+161
-1.1706750951969043e+164
4.381416347662519e+160
-1.0306378666028256e+159
4.1019641995061657e+158
-1.6306851009022772e+158
1.8303322785806042e+160
2.475736019983907e+159
-6.315805924491956e+163
-9.111453950339027e+164
-2.3057055882602778e+158
-1.2482574778621238e+159
-1.8167048818727033e+149
1.5837741950069381e+164
4.125021791673123e+162
5.572387582988532e+162
4.8042902955195e+167
-2.381114209909412e+161
-1.4343245243833783e+164
-9.540756496227952e+160
1.3345494325474808e+158
2.5270960584635656e+157
4.952708040246636e+165
-3.796238400397327e+163
-2.3222811373941984e+158
-2.9647458924034603e+156
-6.46681857746332e+169
4.17075006274739e+171
8.496676456764481e+165
-4.3300131448694426e+162
-4.773283239660396e+170
-4.0485400529025817e+166
5.3880747009020586e+165
2.0899912582124553e+167
3.878854508367195e+166
1.6329414998499504e+160
1.3734860387689806e+160
1.3248375251498269e+164
1.1120407716154912e+161
-1.3836740556080494e+159
1.3795005148923351e+165
1.574372258489928e+163
-1.4128104297503876e+159
4.222638414749834e+162
1.375704286863128e+164
-1.3537297094336722e+164
-2.471640739512163e+168
-2.482176658948538e+168
-6.228892703125839e+170
-1.76076876292456e+165
1.4039715168499609e+166
-5.4549305044515624e+163
-7.9143702553735e+166
7.01841330207522e+170
6.776988830501615e+163
1.9633509251633956e+169
1.5220903023399638e+159
1.0201699646612925e+169
-5.865653955892119e+161
2.1705370192474715e+166
-1.9755810026223405e+160
4.309235005031736e+167
4.8285117598156377e+170
1.672895323903421e+170
-1.1952845784978842e+166
-5.217022208125747e+167
1.4482256838730308e+164
3.2973187805079566e+164
1.249746126303889e+164
-6.700205387594684e+161
1.9714979610619966e+166
-4.14217694439896e+165
5.5945727155254276e+166
3.0544166652857654e+171
-2.8815709521561584e+166
7.80717191001559e+171
-3.8997243255293675e+170
1.46392781439496e+175
4.968124121550355e+173
1.4486230055506482e+169
3.083743619596298e+166
-5.709676986241099e+173
2.723387200091879e+162
2.767120632289883e+176
-2.2960732028180288e+167
6.457325104921497e+173
2.0591468888393783e+180
3.450761281503423e+167
1.0365999715162164e+170
1.0762380966049716e+164
-2.8589114317344096e+173
-3.6104246272905704e+178
4.432188407934708e+168
-3.6344067090070745e+172
-2.242691194633533e+173
4.915231195005212e+171
-8.320269835755437e+171
3.2679563189819753e+171
-3.886663102295276e+176
-4.8278930214437155e+173
-6.639103480796629e+171
-2.181455864266989e+170
3.7700597924901514e+175
1.5067578867855608e+170
-1.3452359084784777e+170
-5.36863366271012e+169
-1.402021779490083e+179
3.194821173097771e+179
1.6966591452592127e+172
1.899880161165463e+179
1.0942371666849739e+178
-9.939282994235968e+169
-2.954853594713614e+181
1.0045776214467979e+178
2.69999212507509e+174
-3.0299617518775455e+181
5.320013992106891e+173
1.4401030062401427e+172
-4.038096839868202e+172
-2.7135904338494726e+179
1.6405985806163997e+172
-2.0537739343024037e+179
-1.1571348803846177e+178
1.3141828323087328e+176
2.782569100464511e+174
8.862453852243731e+171
-2.434139098542796e+171
4.8988516246124216e+173
5.975278031270926e+175
-2.153720251528526e+183
-4.789506484889079e+174
2.7428725550097196e+175
-5.501378258827276e+175
5.771258636241566e+179
5.32720058823573e+176
-3.6008521763717176e+172
1.4845298967191686e+180
-9.838027334517217e+184
4.3021101428863306e+185
2.5650089567616358e+179
6.88196959632723e+181
1.077167920054159e+181
5.77522811694667e+178
6.194613568928052e+180
2.3944372309792227e+170
-1.2129480512604186e+183
-1.8792125782651194e+183
1.6997989664087317e+172
-9.990825735772994e+183
4.1437365958298385e+176
1.3357132180687411e+184
-2.5261204886071948e+176
-1.6150995542471057e+181
-8.399130232606051e+188
-5.455063034259272e+179
-4.839659672322937e+177
2.5692347462797837e+182
-1.8807631286573236e+177
-4.36060987276922e+172
-6.753829041252465e+179
1.4155840891930548e+175
5.468236786758143e+172
2.928604551347259e+175
-2.1169660025395928e+184
-1.9013346914858497e+175
-5.599498439964437e+180
-5.8353024234162e+185
-8.401674725391021e+181
-4.884485124984269e+186
4.467962061706808e+186
1.2030559233980345e+181
-4.7280902604143866e+179
1.1858134732867754e+186
-2.71152853055773e+179
-4.827979242157088e+188
1.4714600843602264e+182
-3.8817238137326695e+184
-7.794640755674202e+188
3.6077782485170377e+183
-6.331109068131966e+177
1.4169972078992929e+181
4.785885299480082e+184
-2.5975981758398525e+177
4.91857423724066e+182
-7.292966950839905e+189
4.509226385630584e+181
8.31315278161019e+182
-4.9372335209996826e+182
-1.698269125420638e+176
-3.273421927825967e+180
1.7445083039941688e+192
-7.019240658559854e+182
3.117737495159673e+182
2.736931810819754e+182
2.09113966374201e+181
1.0192707446127261e+187
1.4604898398323817e+184
-4.835628028223611e+188
-8.542089438892132e+185
-4.2312777253789485e+185
-2.8297193982498454e+185
1.6136224163865276e+190
-4.452633711179139e+182
4.1415878900392575e+184
-3.493393535170681e+185
9.94688223143795e+189
-3.055426431760111e+184
5.331475602168506e+186
1.3095629572717913e+184
-1.2027445705158739e+184
1.0064913050635311e+184
8.863725059331673e+184
6.377116953278391e+185
-7.364366898754628e+191
-1.0790011795106952e+191
8.896568405411159e+185
1.0448995794643305e+189
-1.1373452734200288e+185
3.7711166983391754e+192
3.378683725269069e+182
-1.3673022694639674e+190
3.1068652152442063e+183
-6.423882542486916e+185
-6.237713075199606e+188
3.2571566193520552e+190
-1.0862297168517995e+186
3.883346720588208e+188
-1.4587407904446773e+185
3.595509242210194e+192
6.991418801539072e+187
7.961179159126947e+187
-2.770515512833314e+186
1.4433397863738554e+187
3.339160140308498e+189
-3.0599005085616628e+190
2.76996691858017e+193
6.917029939822346e+193
7.063824336893279e+183
-1.3018158509690315e+185
5.976577293302417e+192
-8.526111196349222e+188
2.2792205471303764e+185
2.92224473978213e+184
4.4199022462603233e+192
-4.016191156577529e+188
1.7834876918750559e+195
-1.972754982678419e+193
-6.693687945093036e+191
3.0942778884861226e+187
3.560327115630926e+195
4.317127008308908e+190
-4.453797828369635e+196
3.239471207592817e+187
1.3810825103937152e+187
-3.054866038715468e+194
3.0609934568005287e+191
-5.401509723471586e+192
4.1735958563873354e+194
4.196121804558662e+194
-1.0471587275224308e+198
-8.577288197674374e+196
-1.5217699468215221e+189
1.6238503809392407e+195
7.526582320347762e+192
-3.215560660905959e+191
-8.650531567500037e+195
-3.4402689511741596e+191
-5.601321788405752e+189
1.6433215553548018e+195
-1.1254050127513857e+202
-1.625804189602102e+193
-4.192386669348015e+193
7.151676210623876e+194
-1.971729613661839e+197
-1.263852987249539e+201
7.588909910606958e+196
2.8130865654191203e+196
2.8943023550132416e+198
5.26819537189454e+194
4.87073535661507e+198
1.2681051671623928e+197
-2.0720708865506796e+198
-6.688375351308938e+200
2.0765210585399676e+195
2.3357521889037318e+198
-2.4030805050623457e+189
1.5298552259543929e+203
1.127690736377437e+202
-8.879067801588686e+194
-1.459636928300671e+199
-5.211949135425086e+202
-1.0170846224368092e+198
3.11632616297756e+203
-5.5723955247584634e+194
2.329537541884374e+204
-1.850967216051341e+192
-3.7947792841195345e+200
1.8117819102880656e+206
7.338047384548967e+201
1.0528905804387365e+202
1.115100521782944e+203
-3.3729178964027593e+202
-1.2415609763715084e+199
-4.6012233629953597e+198
4.125532661796307e+197
1.4233451314629921e+203
6.631475272933181e+194
2.645256565229192e+191
-2.4008248889658134e+202
4.8139982306030363e+194
2.335314594703071e+195
3.4852267986782936e+196
-3.721272993433726e+200
1.0753151763090333e+200
-7.21149623795152e+197
-2.789488975320692e+193
-3.7326206954009053e+199
1.4924896887162352e+199
-5.948697971071798e+198
3.796177198680957e+201
-2.788201240686268e+207
1.6635264537604084e+203
7.121025194376714e+197
-4.449208959586058e+206
2.7796355585649646e+203
9.69867878126365e+200
-1.5110703875645002e+198
3.1326895496954864e+198
9.659183337747656e+205
5.9544365444507455e+202
5.021836437024615e+196
4.0520519088662424e+200
-1.927086322988142e+204
-2.1952606006495527e+208
-5.836912430274333e+201
-1.0493566511393946e+200
1.307169774934749e+201
-3.9534217758562595e+201
-1.4715442307239562e+200
-6.796781913579401e+195
4.937158644290058e+206
-7.402506844493284e+195
-5.4684523969481905e+206
1.5067269180172883e+203
-9.848405323808704e+205
3.8227216321578353e+195
-2.099646559219586e+200
5.790705669576384e+204
-1.1455742375702503e+208
-4.961236575379588e+202
2.252251124785085e+208
-6.209731031911698e+206
4.9529123411968215e+204
-4.090943332545088e+199
1.2418910859901915e+207
3.770744904205485e+205
1.89615806255533e+199
-5.540420903157017e+204
2.5070283399491294e+211
-2.711476619302756e+200
-2.01999101022788e+203
3.144908520417036e+203
4.477809525460485e+202
-3.7456303001489275e+204
1.1648860473620874e+205
1.507595882753813e+208
1.3137077814960126e+205
1.3406489837285115e+206
4.678270036073922e+215
-2.1749936840895693e+209
-1.6429648876830047e+207
5.258287916632807e+203
-1.2976146806971707e+201
2.8060768911373936e+206
-2.3100829561416077e+206
-1.0585194323442425e+209
-3.334834075789357e+209
3.591324527950237e+205
-5.943599686043784e+211
8.06875080737429e+212
-3.8653886477888806e+211
2.4881227689502226e+207
-1.3333770308548611e+216
9.798346325457703e+206
1.2613136397994797e+211
5.942705171936839e+214
1.1396362224881055e+207
6.163759036603541e+206
-3.8993760591605587e+205
2.3948543994931678e+207
8.251432550171547e+217
-7.941009853355709e+210
-2.3402884809087797e+210
4.8660430238753423e+210
-9.135218700642002e+208
-2.688012451932177e+210
-2.0477749211224105e+208
-2.755662604711447e+211
-6.786821930173429e+211
-3.359282401071312e+203
2.3760321005772254e+209
2.859520885819357e+209
-1.538669226363119e+200
-1.6682597625561548e+207
-2.4573076087715525e+216
3.7395577130770866e+215
2.006027721762667e+208
3.2810828378499667e+215
-4.785905072158836e+220
1.648030901577252e+222
-1.6286303813231758e+217
1.2494322475371243e+218
-1.2290743996631673e+215
-3.4103284130368864e+212
-1.607238191696956e+213
-1.2946976507022672e+221
-1.916439755980871e+210
3.391502422275883e+212
2.631160898240654e+210
6.459960250070891e+205
-2.709695948534005e+210
-5.89632663972333e+213
-1.4909491226911682e+217
4.1953360800120404e+215
1.9126387651525508e+211
2.4195029289717583e+212
2.8917008487417875e+220
8.828222326031511e+214
-2.18828884229187e+217
3.8585641643359733e+217
-3.7471191645373076e+210
3.811335247261129e+216
-5.071886600852608e+211
8.716250385840265e+216
-1.6124772589058606e+212
2.765001581042155e+218
-1.615357648304634e+228
7.440223717849944e+214
-2.321772981972228e+213
-8.600631450238006e+218
3.133763428578384e+216
-2.3616318123165354e+218
-1.8682475003606364e+215
3.4951342843965227e+222
1.643581229548313e+216
1.5603619735156543e+225
-2.3685261946022308e+216
-8.288744373885722e+223
1.1835429043223196e+218
-3.3842175338382797e+219
-4.0138293819343984e+214
2.4543715971534836e+220
4.829404909619758e+218
1.3535887640783512e+211
1.567213304817156e+219
-3.0876453415129954e+221
1.2353663914069742e+212
5.261538023462149e+226
-1.946054549981016e+214
-1.9618460420874513e+219
-4.788053279695831e+213
3.1470047729509783e+218
-4.516197003192251e+212
-2.5834332042705547e+216
8.61846009009602e+216
1.926050092157846e+221
-2.3441871852603286e+220
-8.05409047567419e+215
9.614073738924993e+225
-3.1437580028564503e+230
-5.273249978597166e+221
2.5585575719306573e+225
-6.215974164336051e+223
-5.270306237703761e+216
-2.586125906954265e+219
-8.510024034586022e+220
-1.3406629127583927e+221
8.647645871071616e+215
3.62400322904151e+222
-9.911743853721514e+220
-1.380057229894873e+224
2.9258375668810754e+226
-7.530936200691506e+221
-3.1668798105867474e+220
3.350851748624124e+216
-6.283797035439065e+221
-6.001055193795262e+223
-3.674942670624183e+222
-3.352991918473016e+220
1.945618522660026e+223
6.313358442058136e+220
7.715427429226643e+228
2.1063023362726643e+222
-8.806198661290974e+224
3.0837829868803628e+221
3.0146213659922354e+215
-6.709174997410472e+227
-1.0310063289866967e+227
-1.4167967751289215e+220
-3.404391297480356e+223
-1.2056867747929601e+224
-1.6203302032713844e+223
2.1660625243315912e+225
-2.1539295129744446e+227
6.570380992514321e+219
-9.30748059208942e+221
-6.352043378286994e+226
-2.9358188537433353e+224
2.786864305287724e+224
-7.39383220686515e+227
3.110009101335448e+225
-6.661519052342366e+221
3.3432737932631008e+224
1.0664007834459076e+228
6.084877827637969e+227
2.226990184386932e+228
3.427009899361692e+226
9.214309589488268e+228
3.44671796229644e+229
3.3923227362463675e+223
2.492647352700023e+222
1.1923493345905602e+224
-5.679926837171662e+223
9.673784981296639e+223
-7.989170626171424e+223
-1.2121705777723866e+227
-9.882882011322961e+230
2.348530597239348e+229
-8.622357235186076e+227
9.243361649373748e+232
6.315391556776365e+231
1.548856596462905e+231
4.029271155777564e+233
3.000915479844544e+224
-8.126393578967107e+231
6.438754409920643e+224
-8.106244799990048e+227
-2.8952206213741517e+225
-3.565016335432937e+224
1.3221253482711614e+229
-2.3667306759726638e+231
-4.487502355606897e+239
3.1133795763757033e+228
-8.559128966371351e+223
8.864076335113983e+228
-2.5539509916956486e+232
-2.4238748656187976e+222
-8.637993729876554e+225
3.0915338242937358e+231
1.810405011057525e+226
-3.0818767666926664e+229
-1.9018642662619833e+230
4.582212619665407e+228
8.873617706627186e+228
1.4725010207896562e+232
-8.213199652397466e+223
-7.257539958695434e+240
-1.0695508429406894e+235
-1.0801339135358112e+237
-5.531694468098424e+232
8.619263060234749e+238
-5.546999857214254e+232
-8.618124169882432e+234
1.070524451714725e+230
5.7471972249333685e+237
-6.238017773833187e+235
-3.812799659523824e+236
6.58734606684934e+234
-3.6122943358812656e+232
-2.0676432362126587e+237
-7.37423986755873e+234
-2.639193492961497e+233
1.1237465648278857e+229
-7.820092501348325e+234
-3.430046278799761e+237
-5.666455452992446e+229
6.531374939087959e+237
-5.536463933233126e+233
6.1940655194733e+240
-2.3056855496969605e+233
2.4118011510154083e+238
3.2673755139651465e+234
-1.4678218376305592e+229
-7.115437073066364e+239
-1.8506338132866752e+233
1.1803435924754967e+231
-3.784582572057241e+246
-7.40305726494307e+235
2.2028990179723077e+229
1.018776201267114e+239
2.333161528802499e+236
7.106141474669947e+240
3.325219978676542e+236
1.2951946641088294e+236
4.2991991613606415e+240
4.4071235446315805e+240
8.249792528698259e+234
-3.034556521886284e+227
-1.1000535999851251e+241
6.36557432042682e+241
-6.900913959264787e+245
-7.579177618051796e+242
2.1787489933585067e+238
5.4468604310332726e+234
-1.372937612940108e+235
-3.4410776213219515e+236
-1.524513854430954e+239
1.6338279321679114e+241
3.367615528544622e+240
-3.2530008936211655e+237
2.405121227258699e+238
8.087348079781817e+231
-1.1030359512433993e+235
3.5608865877112414e+236
-1.9919706673125935e+237
-1.555082489996997e+227
1.9720168039436634e+237
1.01303547085774e+239
-1.6119196257802003e+237
1.107885928172914e+240
4.802789124565032e+245
6.911477409702519e+241
-1.2105023159072034e+246
-3.6201663389001574e+242
-5.253654419366533e+244
8.372481742185022e+244
-1.5469687393643452e+239
7.415291633825013e+249
7.399906301499428e+237
2.662988578432636e+241
-3.4633330296719507e+235
-1.0431093944755029e+246
2.6303330069171824e+246
1.412008486795373e+247
2.421373614012954e+240
-4.246464495360725e+234
-5.018077586678835e+233
-9.627800379505174e+241
-1.6949739069511068e+245
-7.946824513920239e+238
-3.012089483580218e+241
-1.807756749210416e+243
-5.313922629263567e+244
-3.8363071981932946e+241
4.794060449322518e+236
-6.473399797664954e+239
-2.169253373298385e+243
7.769432693397798e+238
-3.938511515719185e+249
-1.2249957586864757e+247
-1.983142534323112e+249
7.740529286736337e+245
-3.508238216345422e+244
-5.439302884229116e+245
8.25759080827576e+248
6.814473865104775e+243
-1.01740846317942e+249
5.302247015041599e+251
-4.6012174007554215e+244
-6.442570352394476e+248
8.5131095861962e+243
-1.2454581494984126e+247
2.6091174460311487e+247
5.4120040764862005e+246
1.1133649812161049e+241
-2.0577541025567413e+240
-4.6500206244423615e+242
-1.4351781600420495e+248
1.5313133622000989e+252
5.105245151351409e+247
2.5160092779735434e+242
-1.3466493110393144e+247
1.1033987671936686e+247
3.2555569323457173e+246
-3.2151241449913246e+248
8.106996665640772e+238
-1.9421375735402869e+248
-1.849590179468359e+249
1.734749953585776e+250
2.5767114390342086e+248
-6.676855827196676e+251
2.4357190021872058e+247
-4.962013286917172e+256
2.608867886577244e+245
-1.8225336967954055e+250
-2.5099738761475434e+245
2.8525119004021436e+251
1.1577478821995664e+247
-6.561443520966652e+251
-4.836353064802358e+243
-1.1699201495384768e+256
1.024895387470794e+249
-1.0018842084563566e+251
4.39063343712491e+252
3.9658031523004814e+242
-6.208949040579158e+248
4.378024922911376e+252
1.2811540168443473e+250
1.3370356337205773e+249
-3.215981716868037e+247
-4.452712628913794e+248
9.175992892155393e+241
1.2832309104380467e+248
-7.862886527225479e+251
2.6753139518060144e+250
1.7611623619211124e+250
2.1797453751727522e+259
-5.148905244969329e+260
1.4435800614353093e+262
6.4722577397828414e+255
1.3012100573323272e+262
1.9622229530063933e+253
-7.052251944173154e+256
1.2211506503614505e+261
-1.4415564572933558e+260
3.6548067687629842e+252
4.333597662559362e+251
-4.357253256894901e+252
-2.2100967075583825e+262
5.672447914961891e+251
-2.475913671500119e+253
-1.330698412930626e+256
-1.3975143750267196e+255
-2.4994151869238287e+255
-7.20160485823213e+253
-5.97652123700641e+256
-1.2581987964359036e+253
7.214020580053118e+252
5.045145409859361e+258
-3.791040466098063e+246
-3.8315317238749485e+259
-2.2059045762258973e+252
-2.5652688804825305e+260
1.0756005319745431e+259
3.549506506700806e+251
-1.8023083161342086e+255
-1.4997464530715906e+263
1.720681706642632e+257
-1.891504083860309e+258
3.249440780735935e+254
1.0233770840480798e+260
-1.0005845453798919e+255
7.446075331196965e+254
1.410595244113466e+268
4.248895082892303e+256
7.193465390921578e+266
1.2209657028246885e+253
4.637597399752902e+259
2.4619183617374406e+258
-6.340747645938171e+256
1.2991272093868122e+259
3.687826009352827e+253
-5.3682082601894406e+261
-5.466514437246349e+255
-2.2054881416501324e+254
6.444288101824875e+262
2.293225668905142e+261
-8.603431544676384e+258
1.734962143642803e+257
-3.6280451678371634e+251
5.795484504544805e+255
-3.669912460412959e+263
4.171580413343085e+258
4.8088777258158385e+260
5.465414859921391e+256
2.389492046075046e+258
1.0667384559097301e+268
-3.3035832737668493e+263
-1.0042391823648956e+262
-1.4093324816700901e+262
2.9278232193301836e+262
6.676857210306797e+266
-2.896742936042766e+258
3.183408379762729e+260
1.1836769653435296e+266
4.186037581515826e+259
-3.555625513043439e+269
-8.148713463570889e+261
2.658035557601546e+259
1.1586018273915658e+262
7.38594986875706e+261
1.3835861020391867e+263
-2.8213281708839325e+269
-6.685055047450152e+264
-3.7989854739212154e+260
1.6259077471892693e+261
-2.2544584456870265e+264
2.303077368101744e+261
-9.799855522625623e+254
-1.4638753212764643e+261
1.9027435313697846e+266
-2.2280813471300443e+258
1.019785457696612e+267
-8.000326217403022e+268
9.76294288820237e+258
4.084179212256188e+259
-5.4291328318915634e+265
-4.711335497348392e+267
1.4081971280690348e+275
-2.9737482590555323e+262
-3.098669097347598e+269
7.222663267067762e+265
8.743810122811295e+264
-8.611373995445212e+267
-1.2401536216429308e+264
-5.094662049804919e+262
-2.2733024651588988e+268
1.205922375137978e+271
-2.391040507134529e+265
4.884109960523274e+268
5.465211865680478e+269
-3.8990556191568685e+263
-2.3932692492577316e+265
-2.2923266547569204e+264
-7.584889326479418e+265
-3.5093901833954807e+270
9.064511629730668e+273
-2.5985025026090314e+273
-1.3090820989354766e+266
6.32071306057535e+271
1.725930210496712e+275
-7.557249348300476e+267
1.0299831062243088e+265
-4.473944002540096e+269
-1.9989625047674278e+264
-4.4894969455862496e+269
3.8750369392887654e+270
-5.820502645652504e+264
6.88211357047976e+269
1.1866526133139007e+272
7.054770533540079e+266
1.74036492587247e+273
2.4511653034906076e+277
-2.5386962974311633e+275
-1.4943467910347186e+273
6.552258581387696e+275
-1.5939897864171972e+268
2.661488015932812e+271
3.438789329805103e+269
2.174331533557008e+266
-4.159606137224334e+266
-2.5835771809253957e+270
-1.5097665234948302e+274
3.428932093469389e+267
-4.1679907758122337e+275
2.048345061097493e+274
5.76718134107404e+274
1.427885153436629e+269
1.2277162418037877e+261
-4.698789437102451e+275
-1.0454217690558594e+275
1.1731543235671511e+269
5.363149313838407e+272
-2.1719610332414956e+268
2.6863649258388767e+267
2.157155586379251e+276
6.694924329145434e+279
-2.7951813553423874e+274
-1.0183582044483388e+274
4.682176969830098e+273
-4.179162445145306e+275
4.6781129866669756e+275
1.6070547596092697e+273
8.545441524889455e+274
4.138241295056777e+261
-3.394575936510685e+271
-5.979808600599281e+273
-4.0423916238395244e+270
-5.944443363587871e+266
-7.159282144150708e+272
-7.662513089480666e+276
-1.9098277884857174e+275
3.1661134372549145e+269
-8.052524900134203e+282
-3.0915322959647457e+277
3.1919053122818056e+272
-2.094816528329069e+279
-1.0610203395081817e+283
3.683730449237638e+282
-3.9064246487431665e+270
9.932294160197599e+271
-1.1906972570079685e+276
-6.441440499054797e+270
1.9839659624400853e+277
-5.4133977968128505e+268
-2.885563990750092e+278
