Determinants: 
15.85631723679064
1.0
4.585591729366573
80.28571949477237
6.964119060964939
0.21355559476554065
13.837152595903817
15.961347675362282
1.0
1.0
16.133081932675697
1.0
0.3647479541502581
1.4984367147908275
22.03869049625747
0.17297447640049154
1.0
0.17061104563441837
2.5673913915897115
13.85901165504167
1.0
0.986215979794731
7.634788584839024
1.0
1.0
8.452302449366156
0.25347139242446054
34.743714318896984
94.99538909899611
80.35730466604866
5.198735835445948
306.71889214406053
18.85598561836022
5.415022742334479
3024.955696191225
42266.187013982344
107.83405250670224
20.40171402748226
45.261496494403914
914.0651051848604
79141.08825011103
486.41370490315194
0.15127416471331806
1.000000000000004
8.810950160682545
1.8493005310778245
17.44737705329096
23.260537367472534
9261.587273429428
15.188430883250668
136453.7255655621
1.0000000000000147
1.0000000000000218
0.9999999999999896
0.3350443859161809
4512.101683282306
0.9999999999999836
160.12361291424313
1.0352412366887465
253.81654737689576
1.662100623090838
2623340.1441916972
11442.974363277917
112.86227106569112
177390.42863772318
1.6488781330013745e-05
1.0000000000000808
15.31847364100046
26888.52273950702
2452.944397147639
0.23680931608760547
0.9999999999967688
9.79643683913685
3592.849785500565
29380.50595632246
247280.52112256057
27.82187268918155
3733.477243849494
0.34306454086865645
305.5705183531978
71.97809144501535
0.25725224359622645
1.000000000000263
65.91844600219841
9724.107877829372
0.015220950283027777
57.15867664897251
99.72023017475246
42266.47354006878
20.180307153930567
212.60207291955047
3.940823713171369
231.658005539968
593.9979525768588
15.054525032368321
189.86591059146602
12.417665430413868
21689.57529977699
286.0993244033491
150636.0677046071
636.6555960846553
1.5626397622562045
4433.111569117126
175.1048580553468
6550.006616399131
16.366581793445896
0.053812719078008046
52124.8913399804
0.0003783785695091026
19323.067574268836
172432.83347020086
52741.69863361164
3163.5444779953978
744.4095508255917
26.100038992093626
1415597.0831722168
392.8366533817172
120.45564777533093
21964.127017450704
26519.837493633633
34057.31544197836
4321051.047275426
3630.4235974770695
13.77406680858864
7769.909163958625
238910.30930886103
23287.304781266623
2809484.500489273
0.26108701979265847
2688.184170362705
0.15841222262727475
42.52321053312393
3313342.726730428
255.50342648895491
29571.778884478295
4567777.625305348
10.310476410945
2414.693696485127
19982.302626125293
14.711065882499584
174945.131130269
3.0611665951823683
28790.905413100187
292329.60191283794
948.1652078754
89743.33475441072
2.7269832172605852
118383.40902523883
0.0245082428149997
31730377.833848983
322609455.5914635
99704465.73842546
463234.7217913238
12711037.496418202
936558.8164250912
3510207.6715328237
1630747.3985601019
29838.32096154397
21687.972495042966
187134.3057349814
3189554.418945845
0.7652806420395121
2175570.7026900304
56633104.83340706
98129372.05637556
556.5911741610128
11908.583739503314
77489384.53887942
50365.59972914322
461.0104025027953
9.556900868900502
192781.5783099613
8999516.40563407
1390.8783653349903
21.85185292738126
1292.958569506655
41242.93775538701
78355.09276875603
98232.21625453583
398511747.2620831
266735.73493513465
105.96460726863019
810.4192158957505
16212444.908972306
3667650.8012840156
289998.9815110412
75755929.22491424
4729548602.124609
7.224571365756114
2895623.5307062874
584458.1648104718
408819932.18216836
414131.5842649057
3687155.807999707
662537.6022441019
6849377.681868893
44.77413544408767
22333694.7288921
378369.8536461818
33103180.222942404
0.21507518910234275
40454.582512884
12.448148838382178
49238.6275731977
2694242735.538171
1511.4215984065056
14104.30587655362
6420539.981636849
354.17254880302846
27768.317756485452
122.95652663334475
1374.1389912922389
187200167.48008943
67.65908494657765
95449560091.0877
4075558.4508007155
372696327.8774053
155300.66773533355
241546917711.67087
24383508333919.645
8385924372.638593
668037273952.3617
86.38244982587277
4675.504469620601
59347919.2966498
69.86498185911377
762231.9629362964
18100.42412854194
85439443.48373353
349055548.6947386
241045.33167994497
322430527.96603024
934451039581.0703
118814.23936956644
15120831.697657539
107476703.82721934
147643849.03050092
149364960.86323747
31563327.650689933
2589795510172.638
-15148.502376007515
543532991.0243559
34339.26445497726
1101883215.3451731
45225932.28976461
1200320464539.63
-5969896.00561882
508386500585.81744
71636074194.46252
145904.56769155778
96.61220698133219
771904.5120977339
11344.291867905478
0.008808654301413067
108978219.44506116
3200050375.461563
159647518608874.78
253678.5043186749
4486080.954856635
5661454150521.603
91825320176980.61
43151185.79441831
6916821453.719247
1404946.8495783603
12523240414.332235
201361.83340138677
385299765.67980325
1051101181.8812948
32176052.390976734
9455176048.038801
9706324.459231565
1162413.5250175649
18245554691.582016
-64167501971685.74
-47335424033.73002
-103556663.28716062
132927.18404498888
15575893856989.053
190026938.33219656
3654761.127672909
41794058.250301614
11056608.163591769
28561225450.491756
91683.87739325587
450999516974.59393
125236.14188343164
195530123108.6348
62291234429.2415
-167702.0879490796
329031388.4856348
139300109.24028307
24608618.232203808
20753483178.11394
6273942586882.762
-63653532.032391734
13323997585.970999
1945126.4919376154
3185629.8063934986
-113120000.54349998
56613453.42175044
-1144999937773030.0
103508334576.62587
2864208448.4895334
133993737418120.34
-4141567214.6983333
9806063.744722124
-26279933489.094093
812556.0209062147
-6500409063.122854
-3132284745618.7627
676849686061.2926
28551574779.89184
159933703545.35208
33109577754026.227
906160393.425972
26465029862.70603
10746998101.82167
2198968763368.2095
-11091046.399464473
1378848002.4078007
544019707747.7141
-28442322812.461098
659.4647952649033
17583599558161.617
332078247.4893411
32739387970.639107
10723588735.821304
1570829069131.523
-1747204486087.9702
1733.069091537304
3.0498800883057777e+18
4.711372227020851e+17
29786296022.071407
-26769590.063471176
1.238566715544344e+16
318629247.67403233
5940309563.712169
1234324636823.4478
-1356992544149.88
1.690135006134916e+19
7891373716047.01
739091026957747.0
160137482408.98743
66458178088.100296
-31212853.355497915
-469938126917.4522
34898060324566.047
-2096957638812320.0
5908468972.358153
450368713635.27386
933921759849.1045
-177709554.22722724
-2964848578449622.0
-2.2659031632820036e+16
1946147711.1733367
4845178883058873.0
-529365224.9546132
12965685889488.541
111345526280.8689
-13782405730036.186
-1.632096438797779e+17
5772441009.649965
-153828417.98794484
3691659471772095.0
-2.6727246739398787e+17
-15262903573.919296
-150518444608568.44
-292881682189438.3
74235964918.5915
1.1736086896188125e+19
-411940432380.8367
7116225974155.286
3.918785050229321e+16
-10431396118673.059
17602422441657.96
350724501.40990275
4.287825158180058e+17
-1.3062226333243552e+17
2.5608632504157267e+22
-1.4297223042909037e+19
5864889877734.009
-65664168529111.39
-1.0135558182080658e+16
2.626704035336809e+19
1.284401037134433e+16
-3673227697529485.0
4.222116163022661e+16
-288238751849362.25
-1060962419747.2063
3641163648215947.5
1855429391577.9158
8.137719863752686e+27
593548266285327.6
2.9202155266767452e+16
2.3706602901259616e+16
-5.779872204621259e+18
1.3928678908586946e+17
-2.718902533380579e+17
424270553767934.44
-3.2186599207210565e+22
2.312074752325433e+19
9.919404485840453e+17
4.27206472282931e+16
17484289755176.299
-1.1628056138432857e+21
702482307585994.1
-1.7137351639897125e+19
-214712956259187.22
1.0705462336509926e+17
-3.1975816113766624e+17
-77700092880.09549
7.42446745186398e+17
-33833033205.738995
2.331494402485828e+18
13838406623271.521
470787676863277.8
83462704466317.27
8.061607886663403e+19
-8136398408942649.0
-1.4807845155348316e+18
-2.831326183123412e+17
1.1516040691029754e+20
-2.2142743117500968e+23
1.141970381241173e+26
7.900418335329005e+20
-9.729651298206237e+19
-7.0533296070946584e+16
-2.1849645087663722e+17
-1.1197627726535093e+22
-9.493002092866254e+19
-1.9321385752423426e+24
5.912463063911866e+21
970639952758356.4
3.223061439726067e+17
2.6481366178962817e+19
1.4337964481742642e+23
-1.7559194975345133e+22
-3.928476838758014e+16
1.7194106699543298e+20
6.564428044901757e+24
-3.925999212110764e+20
1.596432113547518e+21
7.846570648986688e+16
1.1995526732499043e+21
-4.852798357232492e+16
-7.684284742483915e+18
1.2512221719063566e+19
5.689209534283828e+18
-1.4535648804584092e+19
-1.2661073510006955e+17
-7.282849957975541e+26
-2.1815381910428684e+21
-6.038307472820572e+21
-2.2311042219371277e+18
-1.2932275585403954e+22
-1.0024195471811807e+23
-1.0825528953449957e+23
-3.372349454749217e+23
-1.174231007708326e+19
-2.8851141905592403e+22
-250670534663936.84
4.759378924806869e+21
-4.365160044972938e+18
2.0850437369927066e+19
4.9835089556640754e+23
-1.5992956149871314e+23
-22399893063715.305
6.903099016779847e+24
1.1131663101296678e+22
1.1803639191732788e+22
6.185199434253593e+18
-3.636749774076e+20
-3.89199231794245e+20
-5016255137289647.0
3.0207024374090897e+26
-4.425449326161931e+22
3.193469252162071e+28
-88403941452563.83
1.0589261797481668e+27
6.134961337560319e+16
7.595313501883824e+29
1.8647895004626303e+22
4.887153308334881e+27
60279156547093.26
-4.023427483692364e+22
-3.0792557213411338e+22
-1.0347245342285878e+25
-4.2750903134806544e+29
-1.0635745572179772e+28
-3.936647943110583e+18
-4.621295896112228e+22
-3.290398175495719e+27
4.7803019637527144e+20
5.3592369680591985e+23
1.7227512342928478e+23
2.2249932954297227e+29
-2.461495605758029e+27
2.5351266153407462e+29
-1.026232517297755e+22
1.152164748888332e+25
-2.0512711966914126e+24
-1.61906503427951e+22
-5.294312994975323e+19
-1.664302292593251e+21
7.545408043251317e+18
-9.600078034906136e+28
-7.237613477186464e+25
2.833060286065243e+27
-5.058020081299585e+22
-5.558086817952258e+22
1.441448176229358e+23
1.1186207750591796e+30
7.168137990776721e+24
1.579316618591842e+27
-1.1613401634407018e+23
3.980881570545984e+27
-1.4435315114710162e+24
-2.8779237861982413e+26
1.360725237932939e+27
2.8128497620165476e+29
-1.3042427049262366e+31
5.1570517233959e+20
1.7170970366359516e+28
-1.3591807523900245e+22
6.908186834152768e+30
-3.4595428987156668e+25
-2.688198548543297e+34
-4.412565764730099e+25
9.921439340695406e+27
1.6107897847817626e+28
-5.9405560346760955e+29
-1.2421613399319509e+26
-2.3561587254627384e+27
-8.063054619393413e+30
7.419582179003972e+23
-1.8582703161543476e+25
-3.4834038559532405e+34
4.928812680229087e+21
4.100527731015817e+25
-2.2114909996321162e+36
3.692203797498418e+31
-3.436752619670466e+30
-1.0935758785584819e+30
1.4909670938683782e+22
8.219057268191015e+29
-2.293757380568255e+31
3.765585048718145e+29
-1.6743990687933958e+39
-1.4116795573530965e+20
-2.9538032609768235e+34
-1.6929969122433775e+28
1.0425980240267883e+31
-1.898784876146161e+29
5.762848723208747e+31
8.361054458015818e+31
-5.749577211732285e+32
-7.805223434101361e+30
9.646581054400228e+33
7.383120465610844e+25
-2.17136225571891e+35
-7.042094780428181e+29
7.007217383405199e+29
-2.2950012630254535e+29
-4.542818263818717e+30
-1.135726377604059e+30
5.1864671782707916e+29
2.856282078233509e+35
-1.1143845909247644e+36
1.0196495261347473e+38
-5.696716662892795e+27
-5.178759423424525e+32
-3.0635074362660145e+32
-1.6906717260480577e+34
-1.64837410616565e+33
-3.887769825776045e+30
-7.081480220603622e+35
-3.9677281326793e+38
-5.6473831357128165e+35
1.1685239195016387e+35
-2.310660640703392e+37
1.4200453276537202e+33
3.112577714135595e+28
-4.416569322829882e+27
-5.0798950223103465e+25
-2.191677504103494e+31
-3.783232760591314e+28
-4.251762880502947e+26
2.0656011963767632e+33
-4.528026343049093e+34
3.7880460690231663e+34
-9.093525716294216e+37
9.002072415282885e+39
-2.4270623736090895e+31
3.6875967109676015e+33
-6.053044593908009e+32
-8.747320403884005e+31
2.1874460734476285e+32
1.7217925024233387e+29
-2.2689625130642943e+35
-2.729584827844635e+33
8.165839725818781e+35
-1.8037641334408953e+32
1.6983228098071677e+37
9.540372648808715e+30
3.101852948691184e+34
-9.71219954720449e+40
2.2591684318259056e+39
1.3973262738105098e+32
3.9097257524455197e+37
6.639973646126318e+39
1.4583227130486494e+37
-1.86893719727724e+38
-7.462292389425901e+36
-2.2363406733948635e+40
1.3338121143606738e+39
-8.045025134866207e+35
-3.8295163474809615e+31
-2.7660165219426175e+35
1.924105843588969e+37
-2.4878151192476816e+33
-3.4802493770079234e+36
-1.8732368022322297e+42
3.976092714029474e+32
9.200596359995978e+32
-1.0195011383890972e+31
-2.2327072062029475e+35
2.8510746270229332e+31
-2.088657601039369e+35
-6.802233396900649e+35
5.459177586071424e+34
9.631023568245769e+37
2.3697734019631095e+38
1.9912283898137051e+43
-1.4308675851699222e+37
5.41398140574141e+37
1.0584825259346747e+39
1.1039253755032456e+32
-3.0502805224542786e+39
-2.4564305322338384e+38
3.504918625053513e+39
-2.660862038982759e+37
2.7722120527461625e+39
1.1750082697600129e+38
7.275693275035004e+35
1.1651823634010662e+34
-7.15313872743585e+41
-5.973338565201299e+39
-6.651607732915117e+38
-5.3003151447920965e+35
-1.1434043860828854e+41
-9.913402519393397e+41
5.133093160971511e+35
4.928931740925897e+33
-5.649268432194576e+33
-6.180577954874566e+38
-6.384895989258268e+36
-2.6142613750640534e+35
1.8505099137791763e+41
-1.170947215756349e+31
-2.2533850152615137e+38
5.7352673897020414e+44
5.960949426182017e+41
-4.196794912037374e+41
-4.623255911327548e+47
9.743099462804731e+38
-1.6692195402123738e+40
-2.3571233364362756e+40
-4.588083801609928e+42
-4.07217512906222e+34
1.1853510687330129e+40
-1.4703353147788699e+47
-1.4550490455115856e+40
-5.283415105374065e+46
-5.3763687701276655e+40
1.7920981848212127e+37
1.8766380219075228e+42
-6.651000773937484e+39
-1.495927836050802e+35
1.4895177106898435e+43
1.4974708679338832e+41
5.017693991944546e+41
-2.238046240484123e+40
-5.304417518280544e+37
3.9803201929787306e+34
2.2545951657634674e+37
-1.6309629595724323e+38
1.1895548406562852e+40
1.346318504873379e+46
-9.04799023750242e+43
1.6739354815422792e+36
2.359800281623599e+43
2.2845540152357405e+51
-1.5953565491922087e+42
-2.1186757563275384e+50
2.0651045132668228e+46
2.2697648407331264e+45
-9.524465075541386e+39
3.022601449680366e+49
-1.222387961460438e+44
-1.4120024691518842e+43
-2.8957355610585543e+42
6.085764767810976e+38
4.1940954344192197e+46
8.278601037334999e+43
6.350121535308819e+37
1.4730810110772904e+40
5.2238783824382835e+42
7.577419278417825e+40
1.6774186112932458e+46
-2.076532550338426e+39
-2.1584557560307205e+41
2.0053774006314284e+45
7.377935957098547e+41
-3.32617271907879e+44
4.2262095363549115e+44
-1.844638882602863e+42
-1.7089254196135797e+44
6.021482391100632e+41
4.3537443183599156e+44
-7.262294015240596e+42
-3.688973565091416e+44
-2.8684807765392217e+47
8.287885319115314e+44
-1.6773881552495306e+51
-6.335352562272429e+36
-1.0317772304159406e+47
-2.510616187241758e+46
-1.8018673833301214e+43
-5.84804142706341e+47
2.884853406336128e+45
-2.834807563196558e+45
1.1935452068251817e+46
2.9299590512584205e+45
-1.4283053457167514e+44
1.7353758762360374e+45
-5.7595595092706346e+48
-2.574120850147987e+46
-9.831691652492193e+47
-1.7524609273128926e+42
-1.1230116277210266e+44
2.1830708336181983e+38
6.378588059114398e+47
-2.0362082223786125e+46
-3.1498082234283265e+48
-2.57341368922679e+49
1.2542547748754633e+49
-1.5621468735393337e+45
1.2860293422113935e+49
-2.8862602547981344e+47
1.5407827286698826e+49
-3.191947642331881e+45
1.0538588215661352e+43
-3.3672471139565067e+53
5.850565892109696e+52
3.906757522383594e+50
4.6410443683659073e+49
-3.149741910178458e+49
5.558465822672069e+47
2.425223568941764e+53
1.2144885373357938e+45
-9.947130915136275e+52
-1.826028671136532e+52
2.1918683533729256e+50
2.7910099824612278e+48
-1.6650650717285715e+57
-2.564496283531959e+46
-1.610205486923123e+45
-6.19389887065808e+49
-2.2349115616665154e+48
-9.139670643239749e+49
4.800239055613083e+46
-2.273470997458343e+45
-1.0047628158701385e+40
-5.6268935370981685e+51
-1.4408465470757674e+52
-1.5213763902734583e+50
-3.911003054650037e+47
1.6043526145273524e+46
-1.397930517018526e+45
2.5488618181257223e+51
-6.53330076777605e+52
6.885529872581861e+44
1.5483844157065287e+57
1.642659703831062e+57
6.570175543551004e+49
-4.987188445062668e+51
2.7124334147559943e+53
5.702696656625123e+52
-1.2816116823404902e+53
4.0331938262715555e+53
1.5274735877388786e+51
3.1355996718396655e+49
-3.3053680680253014e+49
-1.7636427633101193e+51
-2.9006313965860243e+50
-2.6433783001387214e+47
-6.425605370215831e+51
-1.4401274478599181e+51
-5.0122956137394266e+48
8.815938574273198e+54
4.355987901860921e+54
1.5706232373042175e+60
1.9935081859998355e+55
-1.6363230269365535e+54
1.344210181827393e+52
-4.136474913117872e+54
-7.422500991540611e+51
-3.426287879480153e+49
-5.618823926996845e+49
-1.386984189087595e+48
-5.1747421738677524e+54
6.210178119398668e+59
1.112766259841201e+54
-1.1122527663899205e+63
-4.541869376511342e+52
-6.771711207818337e+54
6.545776340373026e+55
2.973440088273043e+57
9.180737722575891e+52
8.851545812548907e+52
4.3947158293705065e+54
1.063967761872398e+61
-2.0092809357097493e+57
6.023271022708762e+54
1.389032013862411e+51
1.0553967101451749e+53
1.0308532157269841e+61
-3.3139802259186464e+55
-4.898674363709933e+54
-2.2174319922304997e+55
7.610418599446856e+53
-6.555422562105623e+54
6.067040070766855e+56
1.1929835205848314e+52
1.8955480544399136e+55
-2.8976361984489273e+50
-7.374021193996709e+58
5.113280833702498e+52
4.592439083914114e+57
9.223147732589754e+57
-9.346761046984752e+55
-3.604277590430888e+61
1.4554424097360588e+55
-5.022820452086157e+57
2.9116676819589317e+55
1.7521928207716393e+68
4.041005526967824e+57
-1.2341689779866061e+58
-1.1021158572091072e+60
-4.724220964113008e+54
1.917419763777059e+52
1.9098259341647483e+60
-6.115513831605984e+60
2.9867650317620057e+63
-3.199748362296617e+61
-7.480430864943966e+58
-3.2587620345158585e+58
2.851675202572868e+55
-4.7048187474062545e+53
-1.0486211137675622e+58
3.5871848300657685e+59
-6.402402732138711e+58
1.2619898939008713e+60
5.2765322439520535e+57
2.2869423814430907e+60
-3.317936377614209e+57
4.863491877825533e+59
4.661941750070438e+59
5.791705710227752e+59
-6.460554320792772e+62
-1.1606589837299427e+58
9.616244513655076e+65
1.8157822321857026e+60
1.4184242773918285e+65
3.756120134190022e+60
-6.759996838096268e+57
-6.714305793775684e+66
-3.075851163497659e+55
-6.737021320669267e+68
7.025342672293981e+60
-7.707266445585486e+61
-3.616787676484329e+62
1.4408161353532746e+60
-2.9058515182756776e+66
8.813253066548124e+57
1.2965067199860472e+66
-1.0552701245000603e+61
2.0744542778046648e+64
-1.167953054122204e+61
8.276493629471654e+58
-4.943490539191491e+51
-1.401878576001612e+55
-6.168915529615175e+61
6.106936101029851e+64
-1.1286742262202022e+62
-3.407539260426717e+62
7.526377346461608e+56
-6.526170419354021e+69
-6.877297993381937e+60
-1.2825619846702002e+65
-6.468980467481087e+59
-1.7252797900707658e+67
3.967372105381378e+68
4.891748856223382e+62
-5.171523547421302e+61
7.45035318252316e+65
3.252418577940686e+61
-8.679521606244059e+64
5.798162672278336e+66
-4.6391031815055425e+64
4.9614856933137785e+65
-2.679618612837522e+61
1.3635957660466765e+64
-2.106076321910968e+65
1.2349737130034598e+64
-7.676232739102606e+69
-1.5671936813519544e+69
5.3188827919839574e+66
-8.545388522627432e+60
1.2241110640196157e+57
-2.6437096068276088e+56
1.1230457683094031e+59
-5.161072681891294e+65
-2.6999573564769026e+62
5.463761166460535e+65
-4.658154396204139e+61
-9.870475419942364e+60
5.724088429295964e+72
-6.846237830973125e+61
-1.462764385490555e+68
-9.968312136872013e+72
1.1314872475611249e+77
-3.492137532900669e+67
5.759928861964231e+71
-3.973223041589762e+64
2.4830389621510054e+69
-1.8696982916437638e+70
-7.875349986300458e+66
7.468945968175161e+65
1.4143950076054408e+67
5.736456857429021e+67
1.512424962995453e+64
-1.3037632656030325e+74
-3.026503173204958e+65
-2.4986233069921455e+66
-1.3210799005087259e+71
6.904584431970813e+69
-4.190484495090216e+66
1.1432985285554977e+58
-2.2118071159898825e+65
-8.409586488858e+62
-2.245204034653958e+62
-2.5757923928207034e+64
-2.4777614216616447e+68
5.866838951364207e+68
1.8540081381811988e+67
-1.3293581367261191e+79
-2.0431959471041712e+65
-2.5189801172412645e+61
-3.131521759213954e+71
-2.918761403266755e+73
5.724387069175176e+70
1.189019381327095e+71
4.613809658166867e+67
-5.056748204595391e+72
2.0751430715563362e+71
-7.972552674323975e+76
-2.628258166170908e+71
-1.3021926356303336e+71
8.256977830683876e+71
-6.47765860913712e+76
-4.0641781503725184e+67
-2.072311693750968e+75
7.889409047089437e+65
-3.184484378155282e+67
-3.008917214044992e+73
-3.863467687168783e+73
-2.0747331811868062e+67
-1.7696275399882866e+74
-4.6266528489148495e+69
4.968511084041411e+68
-2.620501208059419e+75
-5.481062953087119e+65
-5.887896229641763e+75
-1.699193413433881e+64
1.2297988827042386e+74
1.2048062250741261e+72
-9.935349965139318e+72
-1.251786902785443e+72
-4.0553045053559294e+74
-5.087237909139392e+78
3.4890069209497464e+80
-3.937786984148246e+76
2.7605950915756167e+75
5.278605687090944e+75
-7.11283741986366e+68
-4.379698950101101e+75
-9.992072291862929e+75
-3.856409646009179e+78
-1.0545101909188395e+78
-6.970124541136675e+71
1.939634352806036e+77
-1.1008498939493751e+79
1.080029362178274e+76
9.942984007808546e+78
-2.5900641310679517e+73
-6.48413403738883e+75
-2.204179892892388e+65
-1.4040141845562998e+77
-2.6351270973849336e+72
1.9126452471535726e+67
-3.2790337100328056e+75
-5.274977425604123e+73
2.5768143276805983e+70
-9.068972112464994e+73
-1.4939171954765066e+74
-8.360873249598132e+74
8.328123732145456e+72
1.7972241705627905e+79
-1.6155590419719294e+75
-7.459047793407646e+76
7.686683214433888e+80
1.3218400674654664e+77
1.1790220013257615e+76
-1.1004343965140007e+81
-9.207396430667539e+81
5.637944921269263e+74
3.095914331898612e+77
4.18985261132397e+78
-6.438937526778987e+74
-3.30296678463842e+73
-4.597201556351655e+75
3.1089110541918845e+81
-4.280315382674608e+82
-9.695859287404505e+75
-3.57621880062486e+79
-1.4257133737244848e+78
4.005457504105654e+75
9.550781993858677e+77
9.983431605181297e+77
2.8034886789399075e+71
-8.769345183876166e+83
-3.675361216843026e+75
-2.9762400263245883e+78
-1.5948286836367835e+79
3.6021705120447745e+77
-4.4906439301366535e+76
9.513479529080342e+74
-2.657679716202387e+70
-1.7628320401020265e+74
-1.0267809737018495e+77
6.666378306650358e+73
2.8823202312278587e+78
-9.758647513587555e+82
9.852622974886218e+72
5.7436660643974744e+78
1.6037223546294832e+86
1.7690408818953087e+84
9.621139206509448e+79
-6.0038670475539256e+82
-7.012685126877787e+85
3.3073767699229013e+83
-5.899964069126796e+83
-4.592780473932607e+77
1.6090180835927824e+73
2.122737455371513e+81
-1.430120152532263e+77
7.791579842319772e+78
-1.4756937091010328e+81
-7.308872305084813e+76
-7.296405206174478e+79
5.295584706296157e+75
9.344250880671227e+83
-2.126251922503196e+80
-4.718069292905843e+80
-4.872374338151605e+80
1.5991936924644604e+89
-1.3633495952711555e+85
-8.443731158368404e+82
-1.5592606246078586e+80
-6.534058826682065e+82
1.9956076641155076e+81
2.6219590041844983e+79
-2.933569982595895e+85
-3.035628002437074e+87
-4.896900861653876e+80
-2.1563675137931963e+89
3.2248275239693624e+81
-9.792545884828346e+84
3.9759226015981206e+79
-3.475528688702321e+85
-9.041594634440853e+85
-1.848257591320257e+86
-7.492289019001756e+84
-3.59984958718025e+77
-6.86204296402758e+83
-8.294390271313418e+83
1.3272941884823687e+85
-1.6785692570092847e+82
-5.097297417684298e+88
-6.432070040781597e+77
1.5378736603529932e+87
-8.194476788057041e+85
8.983453929790856e+84
-4.487096086064941e+83
2.738392230075258e+81
7.863834993458217e+79
-5.201795292501328e+83
-2.0003230665158304e+81
-4.1255292922352555e+83
2.3781958555363016e+83
-2.5856764486806903e+81
-9.637727099884773e+82
-6.647704548765916e+87
-6.404797099803793e+85
1.316480370794258e+92
1.8292765993637546e+95
-9.347183916397047e+89
2.5442187592821783e+91
-3.977870682006415e+89
1.080070025059337e+83
-8.604601901220068e+85
2.6810573176216686e+81
-2.3077177809744724e+89
2.392149741975664e+86
-2.8712679156163985e+90
4.839082283578801e+84
-1.0251572401521858e+83
-8.386019948643577e+92
3.8811112154779274e+84
-8.383277282312113e+79
2.660375320829471e+81
-1.5932412220527282e+89
9.453563965698739e+86
-6.578432074219248e+88
3.302411738873811e+91
-5.1946583652709005e+87
1.8433963862441636e+87
1.321498226543845e+91
3.5521387086640363e+87
-7.813059006607294e+88
4.98267338130642e+86
3.9968978609987186e+93
2.4250839551204286e+90
-7.631144450843755e+93
1.8557630514632522e+92
-2.222694564522231e+95
-8.123222124579132e+92
-8.830432058832786e+84
3.4562043372708126e+90
-2.1273015316864236e+93
-1.1553820864690655e+98
6.397688680891065e+83
2.0801895478034077e+88
3.767051775597323e+100
5.5709937281404806e+91
4.109055353131173e+102
-4.803051245567287e+90
3.457787851527927e+85
9.783451427871129e+86
4.077840634858313e+88
-3.761573952908879e+98
-9.386364096412078e+90
4.126123955804741e+86
1.2950505730908113e+99
7.797930734307547e+88
-5.1314160153632124e+91
4.669289877369201e+81
-6.195545246108942e+93
-7.040237537426865e+90
1.398684776300529e+93
-1.1431832931282642e+94
1.347225943990248e+99
6.959635937277189e+97
-7.027444839955035e+96
2.2752435239310715e+95
-2.2028892857905902e+102
-5.844817776366589e+92
4.5864225743049806e+91
9.219094343143017e+98
2.0820142503161117e+91
-1.1090589010412425e+95
-7.96130111019723e+88
8.49054486733216e+100
2.661537586599581e+98
1.4548010521594257e+91
-4.014649507341627e+91
1.7857539885248138e+90
-5.895300653603976e+90
1.0536239236809088e+95
5.5010661280895165e+94
3.825181988905765e+93
8.410533869709216e+97
-7.778446419562027e+87
6.113529738505753e+92
-2.8513028143138716e+95
4.007437235474838e+90
1.0180628470746278e+92
-3.561901670658144e+100
1.5001526106461533e+94
-5.080448958433815e+91
-1.2450835103941352e+99
-2.6209371808313895e+106
-1.4680310914019075e+95
-1.7476436177746854e+99
-2.3597553721148107e+96
1.344739721362366e+97
-7.198254698518178e+102
-1.3427340287841186e+99
1.477184289744214e+97
1.4994874506360376e+94
9.211898089285475e+98
1.2387511592950545e+95
-7.389826092727478e+95
-3.9316574618735753e+96
3.587222760255526e+101
-2.07763710247531e+91
-5.3021329967637645e+99
-2.900523111383873e+95
4.79217374157598e+95
1.1767142232368265e+99
-4.688888443567801e+94
-2.7567393480777804e+101
-1.1418018244831317e+97
-9.2781295457091e+95
5.918576364822595e+100
-2.325731416807575e+108
1.3801073440860756e+92
-1.0912435735089064e+101
-4.087720240360353e+98
-4.0011007219586097e+102
8.7924047939782e+99
-1.0875865937729e+101
7.130590649555575e+99
-2.4225584416517972e+100
-3.093924267223382e+101
4.691821925249464e+95
-5.100326230040627e+102
1.0241152287454433e+102
-6.575414888515821e+100
4.4068592989927976e+102
-7.992794371953811e+102
1.458436328595797e+104
3.2251405955576856e+98
-2.7144046515454546e+104
-1.9804087277028648e+98
1.0193752760963739e+99
4.4471834704289146e+105
-2.0814130400873143e+108
1.9367379862683613e+102
1.1897985784652139e+97
7.394548318552013e+102
1.468146266072187e+102
-8.488451611246424e+98
1.1615895071992276e+103
-2.107042148008965e+101
-6.5485878481687194e+100
-2.2473117484322004e+98
1.567922335916224e+98
-1.1435953092765247e+98
1.543426517167949e+96
5.1523860659884055e+107
-3.7774303110560223e+99
1.4754759067600156e+99
4.665663867852133e+97
-3.429805626446464e+106
-2.4759031820002047e+103
-9.638625673588023e+109
-5.08619494196028e+99
3.454027587850212e+110
-5.498289658527252e+106
2.144893797385012e+104
1.5848718734019565e+102
3.488969379438799e+101
-7.94953439209376e+104
1.2106079610697339e+105
4.7583978339548085e+100
-1.7733375869584687e+104
-3.350197700220469e+108
-2.502009199548463e+103
-6.018723450754105e+105
-5.417152337619901e+96
-2.5310109840311926e+106
-2.728612827560659e+110
1.8360463178140998e+95
-1.754753509919767e+104
-4.289921838892891e+100
-1.4579937621684198e+102
-2.0334228559812585e+108
7.486940933148222e+103
-5.851363773020355e+108
3.4217563472278106e+115
8.79868617491141e+106
-4.28740350877752e+97
4.464082130259021e+105
1.069869840556991e+106
-5.150087627427878e+109
-1.760542798533414e+109
-8.531370146807731e+104
9.791523227206678e+112
5.986777961315949e+105
2.5608881928048153e+104
-7.350236258305074e+108
-3.0054120602676547e+108
6.568334413380213e+104
-8.073920202823349e+110
-3.885280004291765e+109
7.606569563647749e+112
-1.154325436645893e+108
-1.1029616186454875e+106
-1.16950393229626e+109
-1.597068530511048e+107
-2.189781639925553e+108
-1.2682596568421262e+111
5.048224738202589e+106
2.576901719225962e+108
5.288572153936632e+115
-1.3980921788194244e+106
6.684871677248067e+106
1.1207581944909759e+111
1.8436466870674293e+115
6.695690918175564e+109
-5.959433798664131e+114
1.3477500402389653e+109
-2.005755107605471e+112
1.0161764404744953e+114
-1.5276707673309195e+111
-1.9715597361672045e+119
-1.275629574651161e+111
-2.160837038152255e+116
-8.126843765719328e+111
5.4090729047139706e+107
-1.8746396706736065e+108
-1.3752723374783027e+110
5.837072278984207e+110
-1.6748178197233007e+109
8.066294437511347e+112
-6.930723729843296e+108
5.193180074458446e+106
1.0511913480996391e+110
-1.9211702782426535e+110
-3.874650012571431e+109
1.3675507314121307e+113
1.4236423292857056e+109
-9.452796640079491e+107
1.8582838190777417e+110
2.546031556169301e+108
-1.8909185247307028e+110
2.164583863920208e+111
-3.814694035308752e+110
-8.34180495241642e+117
-9.250142672731651e+119
4.3734127016502736e+120
8.864157888571996e+116
-1.1305114809643066e+113
-3.524939410194519e+113
-8.007838689967767e+115
-4.435023079792375e+118
1.3527838066066057e+108
2.601035538408825e+116
2.813053053763007e+115
2.404431078550519e+119
1.3127805579830461e+109
-6.938520085240788e+111
8.226024553113692e+119
9.160609569969056e+122
5.975170915732605e+114
-2.3465973385937142e+120
-2.2711492865214943e+119
2.834222001633133e+114
2.494096818330163e+114
2.2958769272768636e+110
5.58362245918644e+116
1.577462489479392e+122
-7.962163728247385e+113
-1.6276227188558035e+118
-3.342188308009652e+115
2.090929347750294e+115
-2.9905743454257526e+114
-4.383266491305836e+115
1.6956431015522356e+120
7.355998751668853e+117
-1.1249371010293595e+119
8.14114841150305e+122
-1.5300997115407426e+116
1.765897398529155e+116
-1.692765329393823e+119
-1.916613616624548e+113
-3.7505810429085334e+121
-1.2705081069206275e+117
-6.404543973878647e+128
1.6515594781143372e+121
1.8282679443835069e+118
8.25813837440039e+119
1.2194471943765466e+122
-8.490608354270929e+121
4.0078292759062116e+117
2.9642103962983294e+121
1.077463517077866e+117
-9.15285762827179e+110
-1.2777639717100563e+122
4.456898296771838e+113
2.619566331176048e+120
1.1108659003454485e+119
-2.9939740505939535e+123
-9.199354454151738e+116
-1.1410667671423339e+114
1.033027321096035e+119
2.7298742042909216e+110
1.0005773439317496e+123
5.254610798036433e+119
-5.669322302513396e+119
6.899265319668303e+122
6.413001774891074e+120
-9.059245797214656e+123
1.6323346893818763e+122
7.8333029024284295e+118
9.754196719266572e+124
1.020117217877738e+121
-6.180893351542909e+117
-2.590029688580559e+121
9.49809566995978e+123
2.142834965454068e+125
1.8293637794326712e+128
-1.203896678786262e+122
8.007023357963108e+123
4.64201184589009e+121
1.2182079689120558e+133
-5.205721437314018e+125
-3.0710648030403874e+120
-1.4191102691940723e+130
1.485599927667354e+125
-1.0978008683805378e+116
-1.6262083495664908e+117
5.879812272173644e+122
-8.02977536115769e+122
7.064094569470607e+126
-6.402386136999916e+121
1.496385804828569e+124
3.411086879030424e+123
1.0871359915262856e+121
-1.9233483059581636e+129
-1.6708533598033724e+122
1.5494877235382796e+131
5.595895773941164e+128
8.024551709078758e+128
9.372342633310815e+127
1.5403223788871347e+122
-1.9969902627832977e+123
-1.565847132043886e+126
-3.9588357635076586e+129
1.0369623315536197e+124
-7.349767322235054e+124
-2.733747247541948e+129
6.4991809623824305e+130
9.206354651040183e+132
9.980937791070968e+132
-2.454907869138596e+120
-9.838439688415932e+126
1.729896954405792e+126
-8.820030699139289e+132
-2.1252148755173504e+131
-3.895371532193217e+129
-8.677409105929273e+132
-1.2124939475899135e+124
-1.2353055898143012e+124
-4.243796904846977e+121
3.760979974305034e+127
6.618865818376444e+127
2.3140201720641736e+128
4.697689023062335e+132
-3.871888973701828e+125
-7.867650487583577e+131
2.196761199634196e+131
9.324589989130995e+128
-1.8188437957507464e+129
1.6056916506271912e+129
-1.3339396348116538e+126
-2.32912517458357e+125
-1.2802825853196443e+131
6.7439604191728505e+131
-1.3176442555272927e+136
-1.6663272033548722e+129
1.1816312620458989e+123
-1.0404406545285613e+130
2.0065463032086975e+127
-1.5635531379007683e+131
1.0734735244078131e+130
-2.061548692672342e+135
2.4210907296098732e+129
7.311046201405785e+131
-4.1920259952400326e+126
-1.5736582614538164e+129
-3.859454990641527e+129
-1.3586703825576502e+135
8.503485369494643e+130
5.752937398436306e+122
1.9034885023906395e+133
5.656590282484159e+135
3.0452059149715875e+129
9.616472270399263e+133
-2.222191811054872e+140
-3.4077347852558053e+134
4.4714437618330015e+135
-3.498984741274258e+134
-1.5475129895855583e+131
1.5248175928337234e+131
8.154884021942771e+137
1.636553145846669e+135
1.3490143178986705e+133
-3.0021797081434324e+132
-9.758466296126125e+131
3.322566742105003e+132
-1.2886833164355106e+136
-3.142890152208577e+130
6.2633934646989514e+128
4.178788847227027e+128
-8.320371309204189e+141
2.6268780633699937e+130
2.849016237941403e+140
3.893372096311757e+137
8.65695149680454e+135
3.384082947793284e+137
-6.114506287597101e+135
-1.670905841515816e+128
1.8100945366030579e+124
-2.476883285807283e+128
1.6698226281337094e+130
-1.9465647696225074e+137
-1.1206271473034306e+135
-1.0417175075571233e+137
3.2705585389007935e+134
-4.89174718173313e+141
-1.209248013327323e+136
-1.648778519326915e+147
-2.454173584197041e+134
-9.801284957235423e+136
-2.738350634116868e+140
-4.1721365531773935e+142
-4.4790473270136044e+135
2.3943104442452633e+142
-1.6642705410781032e+138
-2.985601773534702e+135
1.7163776621303706e+145
1.36645259265729e+135
7.316695005311773e+141
-2.6361313213329495e+137
-4.526957140001865e+134
6.388060765857862e+136
-1.426943955803043e+140
-6.961579290629467e+128
-3.4370387670034135e+134
-3.2635019982041533e+134
-6.034624114537072e+140
2.065098031466593e+135
5.968797484916475e+135
8.497936446473962e+143
1.492766846466377e+138
-2.9986161477309635e+136
-4.434544818410379e+138
1.0097695517299692e+145
-1.0979478366303881e+141
-1.0288204980497871e+148
1.4357814173992669e+146
7.015829836985444e+140
-8.397382854403943e+142
-7.352410587006906e+140
1.0098871982081232e+137
-1.1107605528950646e+138
-1.4671697509746885e+147
-1.0909778963353974e+146
-7.427974401343496e+147
-1.1354799255038803e+139
-1.4149335845429357e+144
-1.5640843510185947e+143
1.8786056962259064e+145
-9.100644654152502e+147
1.712605673406872e+146
7.21469094893413e+146
-1.1717607599400868e+138
-8.546545287748799e+143
1.42889165983029e+136
8.109633473156367e+141
2.6058537214766615e+139
-1.1119493930983597e+138
1.2302237812216718e+144
1.6561055078506473e+136
-6.441025811063335e+140
3.4660105806962844e+142
-2.0176393697268715e+144
-2.4599409883009134e+151
4.400677442571751e+149
2.5364245678880133e+144
-9.549026032203837e+138
-1.3154506150747807e+151
-6.075246794910226e+142
-4.688490104736313e+142
3.7480666591859343e+143
-2.95122093148898e+142
4.048813187336706e+143
1.0829960102360644e+146
7.652059096155882e+148
1.710417933550912e+140
-7.071498692423362e+141
6.276352020816693e+142
2.0204104225823625e+143
-7.642652210618997e+144
1.0030051594935971e+137
-1.5154064486452274e+146
8.698629674740824e+147
-7.564648630232773e+153
-9.014879779971107e+143
1.6551662642928695e+144
-1.083175861921205e+150
-6.78057853288072e+140
-3.852547030815624e+152
-7.642727654735167e+138
-8.973182784044451e+140
8.188277492799341e+142
2.0165481208718753e+145
-4.952576550423965e+160
1.911752079815476e+151
5.678037043326234e+147
-9.073396287475043e+144
-3.604319746382195e+138
1.1541579794330824e+146
-2.206747932649363e+150
-1.992601819622428e+158
-3.554128607760155e+149
8.178372371978024e+147
2.206151925981804e+140
6.3117173741599176e+147
1.2548691214367894e+141
-2.453956329200358e+147
-3.1089910021169625e+153
-1.6647959139195064e+153
-7.288968257674794e+145
-5.2905271769425075e+149
-4.3878236701911645e+143
-1.8649419674916075e+152
-1.4501200352574362e+149
2.473338288065628e+144
-1.3228542031375067e+148
-9.957332798702347e+147
1.5132147798941337e+144
9.494383321622666e+148
1.856599512885924e+148
-1.489995597917489e+148
2.6017953845880916e+152
-1.3956480093090256e+148
2.596402846035241e+149
-1.4442623271433702e+158
-9.981399539060045e+156
-1.5992673009669485e+154
-5.827333399242035e+149
-8.113591254974346e+150
-2.2931554532684978e+151
1.2078783669956956e+156
-1.1562837677856049e+150
-1.3179290013807265e+154
4.820555728373451e+155
2.488584665788497e+150
3.25431828870388e+147
2.0264805052166362e+145
-3.11172612411395e+152
3.5729547152881774e+159
4.873046037015967e+144
3.045871257509469e+153
2.4977897726215684e+152
6.726331363145705e+152
-6.0218993707618876e+150
5.306019578741256e+147
2.897001732899332e+146
-6.889193992070813e+147
-1.8590673131511403e+149
2.0380496455809698e+153
-4.175060718673523e+155
6.318276261928816e+145
-1.694696102658072e+160
-7.186397541182158e+147
-4.213739437881779e+154
3.731863423212592e+154
1.5655787061917485e+155
-4.7140646852708826e+153
4.2298149359328275e+155
1.3534467227496108e+149
1.9450386309935247e+149
1.2172086123101906e+160
1.984725301361223e+157
-5.6286417674768894e+166
5.3649853629128036e+153
3.91165126214353e+155
6.922001570379617e+154
3.810561567113122e+158
-4.581379484481104e+158
3.1674096582714556e+158
2.91491680268709e+164
1.1110688603535411e+160
-1.8005956042061224e+152
-2.1443270506656003e+164
8.88681570210251e+154
-3.3281244742492054e+154
-2.2068411999650292e+154
1.5821175237696355e+156
-2.5305046213896304e+159
1.8288707769855638e+157
-1.2056414119249445e+153
5.3922931820957396e+156
-7.868323630612577e+155
1.2604860071660437e+157
-2.281274690235208e+156
-3.328431866193105e+157
-1.257239389666325e+173
-2.1077833765082218e+160
-1.521114078718066e+153
-5.3132925793868254e+156
-5.324094840493768e+164
-1.6797078994833445e+160
-1.3150259880295737e+153
-6.852780176171642e+158
1.006416380844224e+167
1.0416269489633429e+160
1.3102558475065486e+159
1.3489118723892802e+156
1.0970859927260996e+159
-3.171902417767205e+156
3.009409519868065e+163
5.178432007055558e+159
9.394630981235903e+156
-3.689009513841316e+160
-2.5590143710402472e+154
3.6949024369556585e+159
2.034449460858819e+164
5.439959418180597e+151
-9.922081001078086e+158
1.9857129641151243e+159
-4.907303663449461e+156
-1.583482728980955e+161
-4.031730513859695e+165
5.876932629171048e+159
6.22329380329741e+160
-5.128151394136454e+161
-4.004075659984692e+159
-2.244440876236819e+158
-2.5235713891204137e+164
-3.162604076238711e+169
-1.3265460466049126e+163
8.952841883074664e+159
3.4442828889162395e+163
-1.350757675742774e+165
3.8893817336762116e+163
4.639196137227423e+166
9.633576269325337e+161
3.0341680132140055e+161
-7.426990786465445e+158
-4.6133641631437935e+167
-8.593550474508616e+162
2.7854869188925615e+160
-6.8083933081330974e+159
-1.0663319993499189e+161
1.0944824287343329e+162
-4.7994038015826275e+162
-9.706585053223523e+159
-3.157162799000647e+158
-6.743064063676999e+160
2.747938659087386e+159
-1.7498448494922206e+161
-1.5177078440383196e+164
-4.450376807442267e+165
1.0842997250674044e+168
5.106539366151552e+172
-3.372364404094108e+163
-5.587783431608275e+164
-2.049191322158599e+164
-2.7003413206157877e+174
8.732219551692254e+163
5.239111727657269e+158
-3.1301576231174397e+161
-6.608868788379033e+167
-9.707131455282518e+165
3.0096963966981075e+171
-4.941503462676129e+169
-6.091883515045352e+170
-4.4888397332751463e+164
-4.505159952449242e+168
-1.0184422724307746e+167
2.062537957262294e+167
-1.8620132918843812e+169
-7.062939141034228e+160
-6.267935295399296e+169
4.215510738640572e+168
-2.896758983688834e+161
1.0263311489751046e+167
-4.7570662195041745e+165
5.532983756868167e+162
1.856247442989745e+164
-1.315325923332192e+172
-1.1014997963994001e+167
2.0507612009359403e+168
3.72557766948042e+164
-5.029987054415402e+183
-2.698700162602024e+173
1.3133519656727136e+173
-8.200547143882252e+173
-1.497071128740255e+170
-1.552794218536261e+172
4.160741767141739e+172
6.863608215586274e+173
-3.3961007143933125e+173
1.9502240097168686e+173
-4.960428842194123e+162
1.0183591266392412e+166
3.819614348973741e+168
-4.449596589416218e+166
9.967899448379839e+166
-1.5887206783315113e+173
-8.811060097494692e+166
-7.451765911537767e+168
5.655516641873657e+167
-5.09627044380183e+167
-4.201235151005138e+175
3.479833846014402e+171
-2.1486272559272833e+173
2.2873152977199896e+170
6.94990072992832e+170
4.081057360085534e+174
-3.7267880708661764e+167
-3.424065402300706e+176
1.4665772653410476e+171
-1.0099099663696844e+167
-2.1515056408089403e+172
9.596881903484452e+176
1.1331458563024135e+177
2.575336064727881e+172
4.566534338512881e+181
2.895763244548832e+179
-1.1895976839177711e+172
-3.546354658327832e+165
4.273429608197508e+171
2.169860182584071e+177
-2.7078993597816452e+181
5.314131690199079e+178
7.446180345950763e+180
-1.9759493320561297e+175
-3.5404616528902565e+170
1.7664882908048405e+175
-6.389764173002282e+176
-1.457747169957532e+177
-1.1998513096541892e+172
1.869297785106032e+173
7.273939469691903e+177
4.842348675839287e+171
4.617391420429258e+171
-1.724564729444102e+175
2.0713560005689776e+167
1.6921829796252252e+168
2.201259754710861e+179
1.7728190421536138e+179
3.128796330855601e+168
-4.013436632985417e+176
-1.2827671439056393e+174
4.0141851756910543e+177
4.879545246543536e+176
1.2253479360825646e+183
-3.89051465523503e+175
1.8676243001965717e+185
1.2722323249842843e+183
-1.3174347592997367e+181
-2.1334821158304773e+177
1.97688332539819e+178
-9.464233453365456e+176
-5.50228328768705e+184
3.784955250048633e+180
-7.722280320680174e+179
-2.8878766728854516e+181
1.1806437182366817e+176
-2.5091971720821814e+181
3.6227105762425024e+185
2.3004707315283633e+176
-6.982236478479586e+183
-4.571492724189094e+174
3.853154807267199e+179
-8.987542261677763e+180
-5.142314780437647e+180
-1.1036788392333443e+173
-1.591027060265692e+183
3.986383758634796e+184
-8.011186867386901e+175
8.325779459993992e+174
1.9361613667569585e+175
-2.379232873749592e+181
-2.7569934919900674e+188
-8.005792407099004e+185
6.258511635965442e+179
5.5535444822314815e+177
8.258092243052122e+185
4.6950878258502144e+188
-2.6370655337348993e+183
6.320421317409373e+180
9.82555713094319e+183
7.001963911661661e+180
1.6509017439035898e+177
3.0534142150012383e+178
-1.0449160794429816e+182
1.701887865141326e+179
-1.9198141428205537e+180
-1.6836112619410492e+186
-4.4130119604149065e+190
-7.673876736656757e+182
4.917917193048567e+182
-3.451948384949335e+180
-1.0739319460830828e+178
-7.926145505773399e+180
-7.290955847229997e+187
1.1546426371080942e+185
-1.775882783869198e+186
9.655714758571233e+177
-5.632958665309228e+182
-1.5547799499192621e+177
-3.792023655270499e+187
2.8394701536190545e+190
-1.1542799116399625e+190
6.23258274980652e+183
-3.0946948679067568e+181
1.90316789414511e+183
-8.357894483464691e+187
-1.8425924812324203e+180
-7.349838377127086e+187
-7.90644562483063e+189
-1.8078106157987417e+181
1.4023904805759394e+190
-1.5253007328284308e+185
2.866134646209309e+188
5.159136779222102e+186
5.808110300651872e+192
-4.8676155638257763e+185
-3.3512887999443493e+187
-5.86772867179607e+191
1.4113272201029582e+177
-1.3438952275086012e+190
6.612519904482541e+182
-1.4008349405135072e+186
2.1395971908715883e+186
-2.047110778517689e+185
4.076817774990794e+187
4.64054729360444e+181
2.2338227757531835e+188
-2.041904123709195e+188
5.467194660737073e+194
-6.641175543480616e+185
-5.069822044631581e+189
-1.0086246322853463e+193
1.2177604873791767e+194
4.0912039914940094e+187
-7.086333903900633e+185
-3.089434368649081e+188
8.587555577495574e+192
2.7951763182588483e+192
-3.782989679400885e+187
1.520076031344822e+194
-3.292547496910185e+190
-1.1485736499321183e+187
-1.1114758094888343e+189
-1.971424609407893e+199
-5.893363873229e+188
2.325772442103203e+193
2.9354033497536083e+199
4.612418692166588e+195
9.259686535467392e+189
1.9235584040401233e+188
-4.5645046985785524e+184
1.6814249183398585e+187
1.0540322318823155e+195
1.2403083964628642e+188
-6.203488134904907e+193
-5.689699972737946e+195
7.520619523826286e+193
6.097733412280987e+192
-4.353594823447633e+189
-6.236701358454397e+189
5.018275267955125e+195
-7.556553128914956e+193
-3.2997853327796747e+198
9.307594250690866e+183
-3.079975906265976e+197
-3.0599328753745055e+192
-2.168486834165159e+192
-1.6562807633983964e+193
2.2013023518806224e+200
-1.3455897990007138e+188
-5.3177293417013334e+190
3.3060992075451746e+187
3.976828642127519e+193
1.9807626103793343e+196
-2.53938814270682e+193
6.624470305848066e+195
-5.131952935721729e+192
-2.86891333627288e+203
1.8225779917423388e+196
6.9206291276781026e+190
-1.938581848245097e+196
-1.054118819515471e+194
-1.4544395785388905e+192
-1.4846110569975083e+191
9.169539778227869e+201
8.160944317064945e+199
-6.237412745027203e+198
1.103917366541883e+190
-4.825511860588176e+196
3.6413645265869344e+194
3.4885684191327127e+192
1.9892618808645346e+202
-7.9929503489703565e+205
-4.46974315848651e+197
5.226387940113913e+195
-6.869693643748303e+197
-2.817811584635018e+195
-1.6353178429121484e+197
3.0054195364557216e+196
-9.887706782002576e+199
-1.0363411134246268e+195
-1.5959217826619066e+195
4.308044096533268e+196
-2.0982985740879092e+200
-9.944535772867715e+203
1.1201315553154993e+192
-1.6716395572074544e+203
-2.511677455668752e+199
-3.701854436379023e+198
1.1312884017237366e+201
-4.414028271277206e+197
6.893832492977309e+198
1.2903987216506726e+196
2.1743807970043174e+193
5.831237933591289e+201
2.571290877339316e+194
4.796651030067846e+196
1.8994246865822407e+208
-8.00649800964027e+196
-2.4661307624548895e+196
-1.2908997043673125e+203
-9.65797050957519e+202
-1.5917252669347024e+201
-3.8060603319326063e+205
-5.557228335888539e+198
1.3393716533729381e+205
6.954568446829664e+201
-1.049695634560634e+197
-1.0400571270357212e+206
-6.871501910841186e+200
8.640833342666917e+201
-3.9784122484821117e+204
1.6217413545678878e+198
-4.9648362312613784e+200
1.155417398831599e+205
-3.3960817054059893e+198
-8.30663286571486e+201
1.0135478322449747e+204
4.875363019091474e+195
4.469263210930047e+205
3.837206489488034e+204
1.7688417336190645e+201
1.075770138229916e+207
-1.2350381545136015e+202
2.3023535624901324e+198
-4.813586048717526e+198
2.3871349171089005e+200
4.612343234033006e+199
-7.622524111006356e+198
5.618301340639192e+196
2.3677600727444157e+207
-4.114175553794721e+205
1.989400553176306e+201
1.1628476590267912e+214
7.928965531223396e+206
6.6449299044064e+200
-1.217785367185728e+207
5.976841219254119e+208
-1.0631456218380838e+201
-1.5406643385356828e+203
6.449468430758259e+208
1.5586563455170079e+206
8.7886248617447e+203
-7.801111055481315e+204
7.554792714199568e+211
-9.610668067579601e+207
-3.4074609514100576e+209
2.167643216341454e+199
-1.782329150432251e+207
1.4665363343747323e+205
2.144082589381907e+206
-2.639963012474393e+206
-6.597352734315873e+200
2.987216935150899e+205
6.195797973479677e+208
-2.2953813679041647e+208
1.6710666068656357e+208
-2.1653470418204816e+208
2.4248294357653395e+208
2.5259623815334395e+205
-8.620621060402562e+209
-8.054769626893358e+206
6.596597481002462e+204
2.475607916053491e+214
-2.5255940785698606e+213
8.01670100877326e+207
-2.8995713522790506e+209
6.140880124341799e+203
-7.737118858635387e+210
-1.8401067169577095e+211
-6.41475296517091e+217
6.504718196272213e+204
-1.791698170254626e+212
-4.891283258754427e+208
1.4471407084567534e+211
-2.6999836252005417e+217
-9.082993142086786e+208
-1.5447937131158612e+212
-5.2393959805131556e+210
-3.657273662226752e+207
-2.2708897109178115e+203
-1.1865240248871983e+202
-1.823153301110061e+212
-2.542401192635645e+204
5.937761846419535e+207
-2.373428646730852e+202
6.891219644355874e+211
-8.401237479832915e+209
-2.1194094852403255e+213
2.024518741517513e+211
-8.83031817687618e+207
6.066912367989704e+217
-8.710915853900013e+212
6.009819988689894e+217
-5.593198181243667e+213
-1.0444123732349221e+217
7.137334976455911e+211
1.7541601067325008e+211
3.2082241125469383e+215
-6.325210742140237e+214
3.511671961594783e+217
-2.0924217362799715e+212
-1.8099803206494737e+216
-6.856695270404216e+215
-1.3942933948479348e+216
7.162706114647049e+214
1.1999790267730108e+205
6.55903697845685e+215
3.578682910170389e+212
6.664937471519926e+212
-3.477969858778567e+211
-1.1298403488895785e+213
1.6745372613571898e+216
2.9849661502095993e+209
3.5796367991566744e+219
1.0577294450228206e+213
4.623885581730898e+214
1.9777877321882283e+212
2.5494406206904755e+218
-3.2976414161736e+213
-2.7723000982497013e+215
2.6837978643787496e+209
-1.958293229672402e+216
2.4350648567269016e+216
-3.2487652233278146e+222
9.828511077499544e+224
-2.574285523082222e+216
-7.470135803200775e+216
1.2743891031832533e+218
-3.291776903389537e+219
-2.7099038930861066e+219
1.9246501878083418e+218
-2.1442316340466166e+221
1.0148018084328032e+213
2.927260659189519e+216
1.0476968169513164e+222
6.356873123138519e+217
-3.165634774953602e+219
-1.1863361743925299e+218
-6.100503999331763e+216
-1.4601120932713197e+223
1.0039766474151454e+221
3.1490285880526164e+221
-3.079580145426115e+214
-1.1039025778846084e+217
-1.8742304774473658e+217
-1.6577739050590006e+219
-1.7686767238428254e+213
-1.9195881230014403e+214
1.2218998592304237e+216
-1.8103871856987515e+217
-1.9517811629816768e+222
1.0167864182066868e+222
-3.437607358344936e+216
-3.7052365115342273e+223
1.589420414783444e+222
-3.389885329472893e+218
1.132328002174785e+227
3.8258830379782016e+225
-8.028653892758788e+222
1.2672353100103856e+217
-2.089760514167351e+219
2.0503749656660425e+222
-2.813905315664493e+222
1.2397080097077164e+216
1.868961254319873e+226
-5.7158112765392825e+224
-8.953076754232582e+223
2.701001186121936e+222
-1.8536942111354095e+214
1.2857803600447178e+231
3.8528926942540255e+222
5.976066616080697e+220
-8.94029975414804e+224
-1.708010359388591e+219
8.706653037494564e+223
1.113416054628739e+220
1.1298678858716354e+224
-2.084070417477047e+225
-3.894831107668164e+230
-3.7565087979910362e+227
2.779791139433802e+226
3.7586904561556796e+227
-3.3737454297027917e+230
-3.597996894612719e+225
4.3769250052868405e+230
-4.977636094404229e+228
-7.999259451680436e+223
-8.986595861811283e+223
4.821826727048457e+226
-2.584483411394558e+228
3.4843616784639323e+230
-8.867111854371594e+223
1.2216614349486495e+229
1.2987487709767207e+223
-3.3822559559057383e+228
-1.818973999211021e+223
4.2032272173897766e+224
-1.1938920824994305e+226
2.0678649564649004e+225
1.1906330679419848e+234
1.72422902163173e+231
-3.319871013529181e+225
1.944756594468563e+230
7.369065515207878e+229
9.833091634960334e+221
-9.719904439471016e+228
7.34246585630192e+221
-1.3421555007492596e+230
-5.770721385983321e+219
