Determinants: 
1.0 0.722864666623008
1.0 0.0
1.0 0.0
1.0 1.9612429751288774
1.0 0.0
1.0 0.0
1.0 0.0
1.0 1.154242656989503
1.0 2.379024455643077
1.0 0.0
1.0 0.0
1.0 0.0
1.0 0.0
1.0 0.0
1.0 0.0
1.0 0.0
1.0 2.1534927545486697
1.0 2.0374927304048454
1.0 4.117075297920229
1.0 0.0
1.0 0.0
1.0 -0.4581999363682332
1.0 0.0
1.0 0.0
1.0 0.0
1.0 4.169075225393502
1.0 1.9272721123102012
1.0 3.711024222743696
1.0 0.0
1.0 0.0
1.0 2412.6837698180634
1.0 2410.5392899387657
-1.0 2398.306645590655
-1.0 2406.7328512996905
-1.0 2394.814857642358
1.0 2415.43787738212
1.0 2408.7381409532977
-1.0 2406.6060894393217
-1.0 2424.492730858648
-1.0 2410.4433508741117
-1.0 2414.2358054051247
1.0 2422.1608223932776
1.0 2409.458250847233
1.0 2407.3471089406885
-1.0 2398.5031372398303
1.0 2415.0457018729035
1.0 2405.5433725858993
1.0 2401.09361074769
1.0 2414.8596739279083
1.0 2418.602641173485
-1.0 2394.2984187404554
-1.0 2404.2961528365463
1.0 2420.0618594555353
-1.0 2396.430443614191
1.0 2408.4502770737454
-1.0 2404.417329753334
1.0 2418.316277799202
1.0 2403.9952206188736
-1.0 2409.374854027097
1.0 2405.9576304390257
-1.0 5528.281541287685
1.0 5525.593869369275
1.0 5534.475592774041
-1.0 5547.711567253934
1.0 5513.170656015295
-1.0 5543.200940630871
-1.0 5555.021750292703
1.0 5537.723429682319
1.0 5538.5696910959805
1.0 5536.281916268951
1.0 5544.697900484901
1.0 5520.461207890983
1.0 5527.6765282781835
1.0 5516.609857474453
1.0 5539.895005004658
-1.0 5532.537311699083
1.0 5534.558787257276
1.0 5531.371809025553
1.0 5539.502656893121
1.0 5532.062510300003
-1.0 5542.266290411237
-1.0 5522.088815374172
-1.0 5537.6653625863655
-1.0 5532.1979637868735
1.0 5541.754463543865
1.0 5523.624068082015
1.0 5535.516208979235
-1.0 5539.155588476589
-1.0 5523.5870703665805
-1.0 5540.362287559945
-1.0 8925.101060797604
-1.0 8944.749772047675
1.0 8927.992008645873
-1.0 8922.783594660641
-1.0 8947.175640643623
-1.0 8938.84628126426
1.0 8923.498970574565
-1.0 8929.569077295451
1.0 8926.096205651536
1.0 8942.12393452993
1.0 8932.014040799928
-1.0 8927.839886532583
1.0 8934.041202436734
1.0 8933.274009536855
-1.0 8944.71432077326
-1.0 8913.979137159282
-1.0 8937.090786905283
1.0 8929.04710354589
1.0 8933.123437710945
-1.0 8956.576163723314
-1.0 8923.718892354163
1.0 8927.82861003386
1.0 8910.861108108875
-1.0 8930.182109858883
-1.0 8937.072880670186
1.0 8928.993853473614
-1.0 8930.337699075693
1.0 8936.333913980332
-1.0 8928.60444032811
-1.0 8943.724067135257
-1.0 12511.11658912565
-1.0 12487.41725013824
1.0 12507.345892008092
1.0 12507.081692440048
1.0 12517.714097431759
1.0 12493.378556885611
-1.0 12482.863580819598
-1.0 12485.445616243704
1.0 12499.20628010968
1.0 12497.623911101515
1.0 12513.990901954465
-1.0 12503.17699391311
1.0 12489.220970227183
1.0 12505.941880171378
-1.0 12486.140097688365
1.0 12499.65414980727
-1.0 12496.526691395995
1.0 12494.95765518523
1.0 12509.724316207445
-1.0 12500.799007155998
-1.0 12488.39531502581
1.0 12499.380457023592
-1.0 12500.780758772526
-1.0 12490.56226622031
1.0 12500.416261556771
1.0 12494.169426985845
1.0 12506.2863330692
1.0 12496.232738778739
1.0 12512.81658136074
-1.0 12505.402983220514
1.0 16192.58762548563
1.0 16191.886014936501
1.0 16198.3658894626
1.0 16204.348889479716
-1.0 16194.860295062757
-1.0 16199.182300263763
1.0 16184.80673324295
1.0 16203.88409145357
1.0 16187.158487621871
1.0 16183.961551598184
1.0 16188.976166317707
-1.0 16176.489167072074
-1.0 16196.442581451627
-1.0 16181.335161559424
1.0 16205.550125552083
-1.0 16185.169781521085
-1.0 16196.914637637643
-1.0 16190.290249093348
1.0 16202.74506766958
1.0 16194.28413205456
-1.0 16200.655934508408
-1.0 16189.7163760379
-1.0 16197.691641866268
1.0 16210.954454195393
-1.0 16180.485679526779
-1.0 16213.07685159102
-1.0 16192.576018776193
-1.0 16193.334972772216
-1.0 16201.170101843545
1.0 16196.600837144806
-1.0 19993.227379525986
-1.0 20005.995791359204
-1.0 19995.681018369716
1.0 20004.194094724124
-1.0 20000.225526493636
-1.0 20011.307371232946
-1.0 19991.49514396889
-1.0 19994.079541347044
-1.0 20007.244272853633
1.0 19997.45616990925
-1.0 20017.08699881577
1.0 19976.38136866133
1.0 20009.632954775523
-1.0 20006.332706530222
1.0 20002.44211670141
-1.0 19985.505544118187
-1.0 20006.11665840041
-1.0 19980.335381604404
-1.0 20008.083709669892
-1.0 19990.86542862683
1.0 19996.491127781705
1.0 19992.396352659092
1.0 19991.55207845344
-1.0 19993.742763879454
1.0 20003.016847432136
1.0 20008.86792052586
-1.0 19984.405846466212
-1.0 19995.65365834158
-1.0 19989.504894168353
-1.0 20006.28925889224
1.0 23875.11207727124
-1.0 23876.577715762098
-1.0 23881.25296210753
-1.0 23880.673080045
-1.0 23889.443047592074
1.0 23882.31284890656
-1.0 23888.52103980416
1.0 23894.40746165765
-1.0 23880.107353726464
-1.0 23887.98201315386
1.0 23885.718258252302
-1.0 23889.49468547139
1.0 23880.822347660614
-1.0 23876.23744086018
1.0 23897.223799206786
-1.0 23896.425317881163
1.0 23885.934322032947
1.0 23893.958457615307
1.0 23898.47555253253
1.0 23891.31653851297
1.0 23896.795429951297
1.0 23887.901274645763
1.0 23886.490860800433
1.0 23888.82271615689
-1.0 23896.000052504627
1.0 23876.208323662344
-1.0 23894.93405941742
-1.0 23892.63025386353
1.0 23886.767653034687
1.0 23887.37633463839
1.0 27858.740511053602
1.0 27844.679791606624
1.0 27855.242908375873
-1.0 27848.02634171283
-1.0 27842.764911742404
-1.0 27839.71785174895
1.0 27855.253630834428
1.0 27842.511826659076
-1.0 27833.577916244554
1.0 27842.549670784512
1.0 27853.442220296696
1.0 27839.735643053915
-1.0 27816.594732236143
-1.0 27851.356030747433
1.0 27835.881565667565
-1.0 27833.435207103877
1.0 27856.106663052135
-1.0 27856.022905881306
1.0 27846.026977534482
1.0 27848.182946078683
1.0 27847.907211778387
-1.0 27846.458594415086
-1.0 27828.783323020754
-1.0 27852.93529524952
-1.0 27855.669911257253
1.0 27854.65106159855
-1.0 27852.690394287383
1.0 27835.576776882193
-1.0 27852.64989840221
-1.0 27846.303042730233
1.0 31858.16851466279
-1.0 31858.332924476726
-1.0 31868.00507949415
-1.0 31869.843063603697
-1.0 31873.63606583002
1.0 31880.93956637377
-1.0 31878.299262969736
-1.0 31871.69985360385
1.0 31873.090064060678
1.0 31876.080255897992
1.0 31870.64161717187
1.0 31871.522826865094
-1.0 31871.607880463605
-1.0 31871.37835754206
-1.0 31869.605216308282
-1.0 31869.837417129474
1.0 31869.795557268575
1.0 31861.694349108504
1.0 31871.668647074275
1.0 31867.764778675242
-1.0 31877.10708229767
-1.0 31873.775254316504
1.0 31869.87143084058
1.0 31863.83378526404
1.0 31874.60989428039
1.0 31871.539299810855
-1.0 31899.13543034935
-1.0 31867.791345619975
-1.0 31861.333923638205
-1.0 31874.73245816821
-1.0 35947.66516336042
1.0 35965.6734533808
-1.0 35970.99389662183
1.0 35950.21056773805
1.0 35926.36476507165
1.0 35973.21767438759
-1.0 35966.96667225908
1.0 35971.43028369134
1.0 35951.87428767176
-1.0 35940.53086639901
-1.0 35950.0717908415
1.0 35959.06690195573
1.0 35957.99384818294
-1.0 35974.9225420363
-1.0 35940.60089335761
-1.0 35940.89215224182
-1.0 35968.157010841904
-1.0 35945.10889736729
-1.0 35953.03209248056
-1.0 35953.25181506964
1.0 35959.24125565389
-1.0 35955.46491228092
1.0 35940.51401839975
-1.0 35967.625321265536
-1.0 35948.54026968794
1.0 35947.36200082582
1.0 35967.15265908246
-1.0 35954.03703826072
-1.0 35943.29739590071
1.0 35952.92519568296
-1.0 40095.65985537812
1.0 40094.255310601206
1.0 40088.20988342717
1.0 40080.87678998442
-1.0 40059.12719416213
1.0 40093.405605261214
-1.0 40093.7525948784
1.0 40066.086690578806
-1.0 40088.833495245024
-1.0 40097.058690740334
-1.0 40080.612328265895
-1.0 40089.228955549675
-1.0 40081.167004917275
1.0 40106.158124125286
1.0 40067.48634974867
1.0 40095.690070165394
-1.0 40095.142019444334
-1.0 40086.780388767555
-1.0 40104.08792812014
-1.0 40100.21260358718
-1.0 40089.51029657398
-1.0 40087.70352961347
-1.0 40085.34542430258
1.0 40082.79974382975
-1.0 40099.15730284049
-1.0 40095.6548991898
1.0 40087.3578689005
-1.0 40098.453085627654
-1.0 40083.602600726284
1.0 40096.30945216248
-1.0 44275.06877417788
-1.0 44272.49295873944
1.0 44269.19789504917
1.0 44271.36070945295
-1.0 44261.05095204839
-1.0 44274.856656274904
-1.0 44277.15889877408
-1.0 44284.90706331627
-1.0 44279.07089099428
-1.0 44271.144987640415
-1.0 44267.73117412505
-1.0 44269.85807463728
-1.0 44247.421441525315
-1.0 44266.189413409025
-1.0 44288.223173224076
1.0 44274.85673125341
-1.0 44256.92952926542
1.0 44270.81505996638
-1.0 44259.10728179925
-1.0 44275.653985048324
-1.0 44253.5103405126
1.0 44275.8493841026
1.0 44288.422937997464
1.0 44276.01518273477
1.0 44281.85540298251
-1.0 44260.58441232717
1.0 44270.93263940286
1.0 44275.10024405911
1.0 44254.42169181026
-1.0 44258.56667302523
-1.0 48477.30051974892
-1.0 48500.561622305926
-1.0 48512.33295418812
1.0 48484.66897269893
1.0 48489.468962928
-1.0 48487.75027422926
-1.0 48507.161175538524
-1.0 48510.58115027896
-1.0 48474.19249737263
-1.0 48504.644408913635
1.0 48492.32203995964
-1.0 48491.945784497235
-1.0 48491.74151067965
1.0 48497.942546465565
1.0 48490.11353944254
1.0 48505.40426324818
-1.0 48506.388513897
1.0 48482.0656812331
-1.0 48507.74846602688
-1.0 48503.085738318856
-1.0 48497.27762360327
1.0 48503.19521590769
-1.0 48483.87312501379
1.0 48482.249897537695
-1.0 48491.42115945545
-1.0 48516.182217476315
-1.0 48496.74158188539
1.0 48493.378225086475
1.0 48486.27104853734
-1.0 48499.25380847672
-1.0 52744.16924529285
-1.0 52768.34046605759
1.0 52755.068001215914
1.0 52749.553834965205
-1.0 52761.58215020701
1.0 52755.533194647636
-1.0 52766.60971059966
-1.0 52756.96615176297
1.0 52753.21785789374
-1.0 52769.18797831393
-1.0 52761.69661893111
-1.0 52765.2721878332
1.0 52761.60742049146
-1.0 52759.53112597513
-1.0 52763.30537580336
1.0 52772.42312889784
1.0 52752.77610385092
-1.0 52747.37469889317
-1.0 52759.11447381571
-1.0 52759.75015484224
1.0 52763.27188667885
1.0 52767.752438754396
-1.0 52765.93220624347
-1.0 52757.27158653733
1.0 52761.4719673566
-1.0 52752.60970710409
-1.0 52757.15312814868
-1.0 52761.76325042376
1.0 52760.906689367424
-1.0 52763.702418500834
-1.0 57062.86225092268
1.0 57073.41817541963
-1.0 57071.43751851766
1.0 57049.402152268376
1.0 57055.08724890662
1.0 57061.1292509741
-1.0 57062.94964022052
1.0 57054.719245711574
-1.0 57058.05146228116
-1.0 57054.00342595212
1.0 57067.660994326056
1.0 57062.23212081105
1.0 57072.41017452646
-1.0 57057.19345476405
-1.0 57073.08217007647
1.0 57061.587682758676
1.0 57077.654502171805
-1.0 57062.52543574081
-1.0 57059.33626688387
1.0 57062.82908504653
1.0 57052.69292230723
1.0 57052.852433861146
-1.0 57070.97074038118
1.0 57041.86240220415
-1.0 57068.61880359978
1.0 57071.85273241944
-1.0 57062.50735264262
-1.0 57067.50616641727
-1.0 57069.196143323374
-1.0 57080.19858572728
-1.0 61389.52038789965
-1.0 61402.04730413086
1.0 61399.076936998725
1.0 61413.119609453046
1.0 61403.24397226485
Determinants: 
1.0 -4.572638196126035
1.0 0.0
1.0 3.122351464060787
1.0 -0.11669344746181855
1.0 0.0
1.0 0.0
1.0 0.5722994751327307
1.0 0.0
1.0 0.0
1.0 0.0
1.0 0.0
1.0 4.612820031168492
1.0 3.094321661177257
1.0 0.0
1.0 1.1372880193088506
1.0 0.0
1.0 0.30923019493860937
1.0 0.0
1.0 1.6752974393208429
1.0 0.0
1.0 4.377640616292258
1.0 0.7471883455012369
1.0 4.215480865001158
1.0 0.0
1.0 0.0
1.0 3.8692844571334617
1.0 0.0
1.0 0.0
1.0 0.0
1.0 0.0
1.0 2418.7540510793892
1.0 2410.8380669285566
