Determinants: 
0.025478004734356758
1.0
0.2139004511414257
52.43178383292978
51.89008143062797
1.0
17.0852618762664
1.5201808701054262
63.43123327953626
8.804325192764543
1.0
1.0
1.0
1.0
1.0
1.0
31.026981106638036
1.0
9.197940101132776
1.754293034815534
1.0
1.0
81.04536299582436
1.0
1.0
1.0
1.0
6.4917851993075315
1.0
1.0
283640165369772.75
-220050020508.53775
5931487036.312345
389259561661.85913
141517265169.95746
65393197444476.266
20544727407.03931
2930485514041.535
5418750832.080518
11400253411109.627
98662.44338167917
-17103363842.945787
3461401956.9632845
-832282628537079.5
8106615250.43756
54064357490.564125
676748751033.493
-478406444.80865663
-1000105367.0850552
2071455.324391987
9522704784810.123
5350339012747.912
1467249100414.3103
-8414840907.10644
-189022971094085.34
95212940864.49832
189147362.5315708
16289434348.840614
4220318496647.7856
21528325.47103829
-3.215030818599335e+35
-1.0077305408803225e+37
-8.767838100273158e+38
-1.1669738878580988e+39
5.224068106484678e+33
6.484383264927209e+32
-8.213298414353018e+34
8.816888529811706e+32
-3.5525529086096537e+31
3.689477353697437e+29
-1.3606003034961424e+34
1.7071318467516448e+36
-3.28413307753634e+37
7.392039220258767e+32
7.981548429753085e+30
5.445357621616573e+32
3.215644279822823e+36
9.797985310299519e+29
9.080098061267259e+31
-3.6239558289567494e+32
-3.096675765678835e+37
-4.7081575652758115e+34
-2.6041957532708284e+38
2.418346746777274e+38
-1.686805547141456e+33
-4.278114956284115e+34
-2.088810155030445e+30
8.16880164812599e+32
4.224450498045577e+30
2.4511516325617062e+35
-1.3067339541422948e+64
-1.1643208256381963e+67
-8.978411153062705e+67
-8.534994876746765e+71
5.959190864816255e+68
-1.751606083268025e+69
6.296983013940187e+64
-2.953312927792856e+64
-5.734919197320741e+60
-2.2020475061337386e+63
6.262504176767689e+67
-1.6009038387696835e+65
-1.4504696791967258e+62
2.6647343786982668e+69
1.61659665974867e+62
7.294397312971208e+64
1.0679143072946705e+61
-1.294499876190229e+62
1.0950188457279528e+67
-7.243048963344835e+69
-5.809144675320651e+64
1.2806052575118018e+65
-4.715589770257811e+60
-5.32042738011574e+68
-3.5902575175034646e+67
-2.451809649294744e+65
-1.0058904183585935e+67
7.425568135450992e+63
-1.2469125052023944e+64
-1.4129539270802933e+60
4.58391656775446e+96
-1.7929060772151854e+98
-7.364900074805653e+98
-4.2445626077806654e+99
-5.8286252098120316e+97
-6.39863751664802e+97
-9.417310823056075e+101
2.084330312571438e+100
-1.107805470161116e+94
2.520527251340794e+96
3.3179251230782473e+93
-3.542593089423615e+96
1.8192146927572363e+95
-1.0811962748794285e+105
-1.1456022144090768e+103
1.0415302403383598e+102
-1.4587592763155528e+103
1.2259213588168687e+92
-1.4192405175892093e+91
2.678594816010604e+98
1.3263243609846205e+97
-2.5559433147696303e+90
-1.3396497125125147e+95
-1.5037184977019915e+96
1.4698830153171274e+99
9.180391368153236e+92
-1.3110314483012508e+96
-1.0273602489042124e+97
-4.9016573905392915e+98
-1.7139532851566642e+99
-1.327178962915922e+139
-9.51397882311847e+125
9.399462281343845e+128
3.653405784088358e+135
-1.3197389370846306e+135
-1.0541804694870213e+129
-4.4468956871387586e+135
3.7519758400780135e+131
-1.1526674625545288e+134
4.70693807530147e+139
-1.4919645730242728e+127
-1.9919069784342978e+131
-1.4874449734234605e+134
1.2286963641100594e+132
-6.854255380202264e+136
-1.129610421461762e+132
-1.9227842120949226e+133
-2.9720678190669864e+133
-2.131369522961461e+131
1.645971788681204e+137
3.8132577497307674e+131
5.7458374135942284e+131
1.601001452036624e+138
5.64767493314479e+135
2.8278839723976272e+137
-9.06827261748746e+135
1.0822344952194114e+134
7.008639912965527e+136
-1.0863099235692158e+131
1.6839194451686455e+133
4.148734774103624e+168
8.941839078374755e+169
7.254100752939979e+177
3.408531306256078e+173
-2.659088604765721e+169
-9.683663623753268e+171
6.042645594913941e+172
-1.9740193460255874e+177
2.434430240971435e+171
-2.390589719932581e+174
-2.6128639128656545e+167
-1.60734911989875e+169
3.6989272060033365e+168
2.2981187339267168e+173
-4.024038182956342e+171
1.0495152900636505e+164
2.820471089549652e+173
5.708542079207644e+166
-2.1612319947130385e+172
2.796461395482846e+175
-2.331716991006436e+174
-1.6756166971242307e+170
-7.838934158531908e+174
1.0306243826390885e+174
3.92203241093066e+167
1.1172439585670875e+173
-2.2361742122751983e+177
-1.5760498574769176e+169
5.0189410249334646e+175
5.892918933048232e+170
1.9297830083872018e+210
2.4621298306041037e+214
-5.028439893253835e+214
-1.5676337273980355e+211
1.143832786923635e+215
8.765845014713821e+217
-2.819119307697791e+204
-2.364291489555612e+214
8.954856682311915e+211
2.0338098920903733e+210
3.2043892031974552e+209
-6.057809147262777e+209
-3.5475721978756663e+205
-4.5426477849545963e+210
1.267949077283741e+207
-7.330437907670698e+205
7.783379030231e+212
6.671961166844906e+220
4.9405362958259115e+212
-7.27095769769678e+212
1.904396703159872e+213
-3.3889977556479404e+213
4.834877801071369e+209
6.712203969838766e+209
1.8439081199562684e+206
-8.875554498618636e+214
-2.6873280732377922e+213
7.011030031280804e+210
-5.936699013631559e+209
-1.1020849235623646e+213
-5.014131467454253e+247
-3.0407677943656776e+250
1.8023016462723714e+253
-5.8159199612892e+245
7.058050408576419e+252
1.4458420508778579e+256
-9.662950067955959e+246
-9.465092335996753e+248
-1.2213908836621016e+247
-2.565857658368266e+246
3.514330083256503e+252
1.605498818151166e+251
2.6683516491815937e+256
-9.230915981620268e+244
-3.450100960551677e+254
-4.4530410483791755e+246
-2.9782195414495707e+250
4.252178000797351e+252
4.555650585314776e+245
2.2145704314049325e+247
2.0793526051590957e+251
2.9911402128156265e+246
-1.1968565559315526e+248
-1.9049338313349383e+250
2.294329240816399e+252
6.121169600385875e+246
5.411862208992052e+248
-1.1625316424494574e+254
4.167403747781855e+256
4.827104585611617e+248
1.6130830606426646e+299
-5.979576671428544e+293
1.4441217534488532e+288
8.191583887673445e+302
1.3309311017963043e+291
-5.585578348463101e+289
-6.476958131790852e+291
6.522015205685877e+288
1.3918838339250387e+295
-4.2299710204267e+289
-1.1558236362982276e+294
-3.407269919697546e+287
5.842147963383395e+288
4.229284002548926e+284
1.345468514323265e+284
2.1569423900230127e+294
-9.48177240681018e+291
6.792461011372397e+294
-2.8874292399311126e+291
-2.3139618917320838e+290
-1.9439807624819081e+289
-1.1699773750865776e+287
1.0167289983557037e+290
-5.010517115170091e+295
-2.227664870969723e+293
7.81697876561301e+290
3.858903156313251e+295
-1.1863304140363603e+287
-1.1555598299490512e+297
1.5590494279371358e+294
-inf
inf
inf
-inf
-inf
inf
inf
inf
-inf
inf
inf
inf
inf
inf
-inf
-inf
inf
-inf
inf
inf
inf
inf
inf
-inf
inf
-inf
-inf
inf
inf
inf
inf
-inf
-inf
inf
inf
-inf
inf
-inf
inf
-inf
-inf
inf
-inf
inf
inf
inf
inf
inf
inf
inf
inf
inf
inf
-inf
-inf
-inf
-inf
inf
inf
-inf
inf
-inf
-inf
-inf
-inf
-inf
-inf
-inf
inf
-inf
inf
-inf
inf
inf
-inf
-inf
inf
inf
-inf
inf
inf
-inf
-inf
inf
inf
-inf
inf
-inf
inf
inf
-inf
-inf
-inf
-inf
-inf
inf
inf
inf
inf
-inf
-inf
inf
inf
-inf
-inf
-inf
-inf
inf
inf
-inf
inf
inf
-inf
inf
-inf
inf
inf
-inf
-inf
-inf
-inf
-inf
inf
-inf
inf
inf
-inf
-inf
-inf
-inf
-inf
-inf
inf
-inf
-inf
inf
inf
-inf
-inf
inf
-inf
inf
-inf
inf
-inf
inf
-inf
-inf
-inf
-inf
-inf
inf
-inf
inf
inf
inf
-inf
-inf
inf
-inf
inf
inf
inf
inf
-inf
-inf
-inf
inf
-inf
inf
inf
-inf
inf
inf
-inf
inf
inf
inf
-inf
-inf
inf
-inf
-inf
inf
-inf
inf
inf
-inf
inf
-inf
-inf
-inf
inf
-inf
inf
inf
inf
-inf
inf
inf
inf
inf
inf
-inf
-inf
-inf
inf
inf
inf
-inf
inf
inf
-inf
-inf
-inf
-inf
inf
inf
-inf
inf
inf
-inf
-inf
inf
inf
inf
inf
-inf
-inf
-inf
-inf
inf
-inf
inf
inf
inf
inf
-inf
inf
inf
inf
-inf
-inf
inf
-inf
inf
-inf
inf
-inf
-inf
-inf
-inf
-inf
-inf
-inf
inf
-inf
inf
inf
-inf
inf
inf
-inf
inf
inf
-inf
inf
-inf
inf
-inf
-inf
-inf
inf
-inf
-inf
-inf
-inf
inf
-inf
-inf
-inf
inf
inf
inf
-inf
inf
-inf
-inf
-inf
-inf
-inf
inf
-inf
inf
-inf
inf
-inf
inf
-inf
-inf
inf
inf
inf
inf
inf
inf
inf
inf
-inf
inf
-inf
-inf
-inf
inf
-inf
-inf
inf
-inf
inf
-inf
-inf
-inf
-inf
-inf
-inf
-inf
inf
-inf
-inf
inf
inf
inf
-inf
inf
-inf
-inf
inf
-inf
inf
-inf
inf
inf
inf
inf
-inf
-inf
inf
inf
-inf
-inf
inf
-inf
inf
-inf
inf
-inf
-inf
-inf
-inf
inf
inf
inf
-inf
inf
-inf
-inf
-inf
inf
inf
inf
-inf
-inf
inf
-inf
-inf
-inf
inf
-inf
-inf
inf
-inf
inf
inf
-inf
-inf
-inf
-inf
-inf
inf
inf
-inf
-inf
-inf
-inf
inf
inf
inf
inf
inf
-inf
-inf
inf
inf
inf
inf
-inf
inf
inf
-inf
inf
inf
-inf
inf
inf
inf
inf
inf
inf
inf
inf
-inf
-inf
inf
inf
-inf
-inf
inf
inf
-inf
-inf
inf
-inf
inf
inf
-inf
inf
-inf
-inf
-inf
inf
inf
inf
-inf
inf
inf
inf
-inf
inf
inf
-inf
