Determinants: 
0.039799996707270885
1.3350043081435985
9.537447821698253
1.0
47.47323902735307
18.606576924748524
51.09519819297067
31.624899215615063
2.0004371394883176
1.0
1.0
1.0
1.0
97.50221412923385
6.4926712215543
1.0
26.007032024277095
1.0
1.0
18.97684481511744
1.0
1.4054796125532105
16.178826662711476
1.0
1.0
1.0
1.0
1.0
6.1281588111412715
1.0
317.4063961264804
48.257337044747814
823.2788245569485
46.86528078284402
0.3949622529433924
0.17282552727434922
1.6013529350293272
6.3882267248344915
69.45021407149294
211.61588282016598
44.51852717014236
1.0000000000000013
1.000000000000064
3733.469625674348
4.349032898463134
47.70528230638661
3.02339920502748
353.9017288865545
159.3041057240178
1374.3676971626564
10.85757059454687
0.1959759239122742
533.3379123534913
0.6855975009091736
0.9999999999999951
282.7421163185382
26320.83241847372
0.9999999999999925
0.9999999999999964
175.45661219684007
3.0930555801959594
88984.6292501078
3678.1020596695644
6.696519411059429
92.89970650610404
269497.9390321347
135.668544499039
86.11300792622326
13.58550510698076
371.37874132579697
5.402728789484107
0.999999999784368
262.1888378012604
10.779423630817746
4184.222873759084
5676.112429136464
5.969032127931509
41.35829780534632
8793115.619150322
16.26247809956188
24.316469549342095
364.16450003630916
333387.6474855904
8108.669357754523
0.43744131163546307
0.14729063821510274
27.537293641972582
44.46567590925294
61984.53430023998
394.96952046117224
11.75280849471302
0.011360666342097894
740.4945591796082
244.18824803873025
1198.0139291835037
9971.16591418057
27.264500892370492
541.2047421694438
2612.0128746345176
68551.1020390929
998.23598664771
1806464.7993279167
13.551534614257871
4331.561254142245
5.3470451929531535
446.12137228187873
5451.983699082262
176.67306924661588
2422.0554141723424
2.387557215535243
554363.5584931427
2293.3116521164657
9283.884764175293
1.3032290349396523
1414878.2987482846
4.814354629356246
77275.99128057944
78946.3781663114
186.85825601884628
8538.220897348736
142.5300670075321
36.30122940931141
541746.4366222912
63.64283081382269
85237.77808210767
843.7620160768023
5.140531934201515
7585.463798154176
12532.732584237803
8699356.43825539
136386.7404852049
237.5295324650341
13.622824526568362
7254.079661466441
39477.28301293047
141599838.55770993
6826.608450565729
831.0532422484227
147059.297358689
2.8638480805911004
72.4840770667976
2555.154972050211
167240.18168394093
251628.01859137046
28415.931696674423
175263.16135501428
211647409.07359526
1861.330149988402
7300.125054922655
2.4489739109827555
2174251.028753049
177536.29400131715
6352.720538295351
11969.01757843262
63992969.943433285
34222.15319384144
147454.75244729378
20469.16223039345
202849.83592434102
435.0400990656459
32.03461179195517
34.278612443050086
115950847979.0465
103.44893995235883
301064806527.3181
639.4482559199986
96274864.22514789
6700217.8213404035
1728740.6860533592
18.814838608471838
7178.959867815005
67.90142634597778
25292.766517311124
7762528.978013829
991899930.4013907
170859.96511047558
354253782.94316834
4466486116.504059
56358907.41181502
2463.5760840693247
138568182012.97003
333.9449702541046
1621115940.3584054
21696.33973668502
2603470.5964817787
683344.5906740556
85369.78628015639
7678635768.663217
38255.524928559964
11766.420327823853
121.76640406013922
45786962.42784289
2099.1830545077023
89437.61936748103
52839.4070433672
199.89558464001144
110703359.5794999
537.9130246245011
11.827523178566926
0.021297951112732628
42904.32325861451
109748181.64764751
212.1997782539914
168.91418001089949
115758.93755270117
398394.5463212695
1410085.5791035618
132024558.0359343
30386211.12055846
1211412847524.4644
248136015.18034574
4170.1662928718915
3798.3967217967647
14263623.455311464
20504317.462128967
6796802621.174423
2099323895.9752855
8254895.249996298
43057757.109466106
26968387.066685323
62.478040518330495
905764023772.3937
620574.1294280106
501255671.00393695
81.93169445857113
31689080180.084927
922949.7817503702
161066887.86162233
505601082.8651467
2924581.333568521
442309.4400557893
569270982.5004383
1199750024.7909372
897226042.2502195
1920.0725825772965
729175.1060792776
48703997.05435833
225156072492.91187
71861824.45363075
8714983.349509213
1247877567.5490475
563374301.6868211
2632.7211146983955
5775390.729946982
1653774.5642531684
1047152142722.3716
211659.29578272134
17149969777.453772
9349310302.773905
29186611699.72734
45948745805.56658
487241.721536819
14682012962.181643
59770683.687779345
572851.2781164534
108823403009.55809
62732001.9091495
2678588450519.7993
204004254.9656392
6350727528.2956705
207941.5018056067
93253859.73026401
1090413715899.9066
207423258.93036905
2045.7162244812037
-311.1134792105979
526238228903.91864
4550547682.349016
55612064532.5431
1.6684867024242237e+18
1800111091058.6013
-3187084.732469406
1985728106.5435643
-1078297.80925439
183663880479544.62
1.941719116402104e+16
45401.42524756355
61793.35131720093
831288217432.7788
6924925343353.857
19451058.525253255
13497409124.611544
195.97810943488255
13455.069760247143
3496416.2951186136
45569.16187758615
2064398.1270877216
105691174.86190626
1007110392.9588684
184882344.4882132
-1659561.1101331087
36271655.2720815
55528039.87359033
110298879.12384191
979704804.6958858
139502.59118978164
-1793.5444614163957
-14356138.16356672
67733177432919.34
47651131922.23294
-25733298643.37719
2903807084.6396117
431828012411.7016
134053346016.52248
6333680180853.766
6080351084714.096
22716916777.259197
1102904419.4361606
128616.88239540334
193804690315579.75
12632302949.537449
61544399.03499291
-3076672937.9748797
-20973423988.818493
186939089175.56134
823891794226.8143
32173977901726.207
114184521877534.34
-282526124348.3263
12919312861.191862
14460285.848086301
1284804492005.953
8930892239667.533
-9258939645642.164
20200905.45806265
-1689437484.9790025
-2148734935.2788343
-1.8284285562105088e+17
5912498904.987351
1770502930.08512
-17448584950460.873
1.0492488350037757e+17
-9707601135022.645
42626722192445.01
296228790759398.56
-18608780906.962112
546085003537.4959
3.6562420037691013e+18
9.4003881059665e+16
-1041145961150.0859
203499.244498507
2.5031092740516852e+16
7006201.7047485765
-40271396017.47866
16663818611261.15
10005735759.53251
592327278.2956598
1824301415762.0432
97268815205063.06
123742394944.75494
-1318957863.1940463
57864892192809.34
1311762680.3679566
5756053759313.191
13321276552.721241
-3684647441.078173
105054410376938.84
157790822.77121252
-1747884560945.948
-1675043266431932.2
9085757764626620.0
125840906768.80084
1617440531166740.2
264176747229.80725
24677529753872.105
2597792572442.6235
-28650047127658.473
-1.857285891747013e+16
218649616122601.38
-2.7948652631824108e+16
-788363445910.3024
2538260375695768.0
-1.0227360595731152e+17
-714581190956.0183
1.2465649608208602e+17
-2257454918327402.0
-2993198734904.1567
83203099132906.67
7.912817019355802e+17
1.9957299162833597e+17
1562757968013278.0
1949154313740719.0
-6.739297131821102e+17
-127527743974249.16
16301784269155.299
1666842297031641.0
-5704560307623644.0
-37590161451916.74
-1.1737595583896272e+17
-2.1178264881245894e+17
3409530261594809.5
5.054679524081162e+16
-511942709196.45917
523470152610219.4
-1500765895893.6174
805166990691374.6
897856409284559.9
-189717538253661.56
-1.606109861456353e+18
139813471385825.72
184637429038.17038
-1.859828055022321e+19
1.0009959663387207e+21
-6.741091899291646e+18
-1.639603265801067e+17
-5.947266483409372e+17
8350663335100.614
4.5889790475845536e+17
2.092546214538054e+17
-2.2186601368409175e+18
1.7995463446084852e+19
6.433216618201338e+16
7361215229261.458
-2.481448931171758e+18
4.9130429289886746e+17
1.4777879145404297e+24
-9368940337155634.0
424301372877807.4
1.9867578559082815e+21
-1547746174058.7866
1.2928276003917964e+26
-3.056881016512081e+20
-377397663103.5985
4.213541586017147e+20
1.1129076053460567e+18
-1.0648503798693453e+21
-2.4444331475960515e+17
322304805750690.25
-2.4822842823420687e+18
-1.594808143604134e+22
-5.616609399690049e+19
-4.5053362397347245e+17
1997218494563878.8
6.694203856354098e+17
-1.521445698197665e+20
-1.7727881085272195e+20
-5707069015316.277
4.646836838013315e+20
-1.2682095022984414e+16
2.0486448794680222e+21
-1.7903079514403433e+21
-1.1133005473449756e+20
-9.916893822797097e+17
5180097387095893.0
4.768760216502509e+19
2.1255265942392233e+24
1.389334306386817e+18
4.4869442151142333e+18
-1.283650386261108e+16
-3.9547159990468295e+23
1.1865785984518996e+25
-7.827080505016738e+19
-5.287868130234044e+19
5567194068236119.0
4.4432456808414456e+16
9.058088734238505e+22
1.6454424130321808e+21
-2.464159174460732e+20
-3.0888283794857886e+19
-1.777422180631311e+27
6.188043061389289e+21
-6.1778557962656696e+26
-2.56963331231006e+20
1.783670478638209e+22
-1.4636696713455372e+28
-5.0324231766506955e+19
-3.1829053147691994e+26
3.742206276161709e+25
3.5600921699448723e+17
-1.4724988313496866e+16
-2.0251949372284418e+25
1.8185193456588037e+20
-7.739997015179423e+21
1.7960701561129555e+22
4.952725872222218e+21
3.031368243644374e+19
-9.973960439016058e+21
-2.3282849272909863e+22
1.484355540517807e+26
-8.224434931982679e+18
4.559834981602294e+28
-7.959445648557287e+23
5.62952547063707e+25
1.0799307168703215e+27
5.809857644445446e+22
2.304756666885292e+20
6.332398745211864e+27
7.163139382073781e+25
6.564658349517556e+20
1.2917774300675816e+28
3.8280788117199383e+28
-2.978666696921206e+24
9.694695440334246e+23
1.8387588503511234e+28
-1.3020632855170038e+19
2.166729309715857e+28
2.1674791585597836e+22
-3.044356456533553e+24
2.632106974850847e+27
4.145994857880797e+29
-8.801315596839142e+27
1.7063591616882627e+17
7.411306025336656e+25
-6.091057190918614e+20
-6.27728916110107e+21
5.934268795549917e+27
-2.2141166669483278e+27
-8.134471825863548e+24
-4.691802340324839e+23
1.6636777965346298e+27
-6.342393466862758e+25
4.265118036669608e+22
-3.4263740318206285e+31
-5.942725456773537e+27
-4.024289283363008e+24
-2.664009752035332e+28
-7.520975541936969e+25
-1.875420894446046e+27
-1.0005121265128313e+25
-1.0223621801978337e+32
-1.764643267807963e+21
-1.054589187821812e+28
-2.4911940774492263e+28
-1.0844275610303199e+24
3.4471356333782896e+22
8.842898045193887e+22
-6.490987731507951e+30
-1.3693258018606495e+30
1.9617021543031732e+24
-1.6541400705325774e+27
-1.801136643214107e+27
-4.002369444473671e+27
-9.151896906387353e+25
3.921666095489851e+26
-1.4476646898089542e+29
5.3630198724122056e+29
-4.04261923775612e+33
5.017306664858758e+26
3.363723454477801e+22
-2.5981550341312225e+28
-4.770783387809225e+30
-1.5418744708715363e+34
-1.3382930834173947e+26
7.665707274611964e+28
-1.3603263070338104e+25
-8.969094151455819e+30
4.5492390810608905e+32
4.587039151369205e+29
-1.0661347451769828e+33
2.4330759698405982e+27
-3.819983713951611e+32
5.79079188277165e+31
-2.9438307896181404e+19
4.901175574728554e+32
-2.1631702348667756e+34
-1.9549709375741918e+34
2.046666155550661e+39
5.507441041846355e+26
-2.1959919456738786e+23
-4.871747518222002e+31
-2.2164218171814108e+32
-4.457443878036353e+28
9.453202084660596e+26
1.3822240364846611e+29
1.6768505058311372e+28
-8.71589211956499e+24
-2.8540740613181895e+26
1.6239710934591757e+23
-1.9330664976730318e+31
-3.488165281877846e+29
-2.693412721725734e+32
7.365213435977684e+37
2.445880743545193e+33
3.4415826144084054e+30
-9.181595545140413e+31
5.807830162875895e+31
-2.7184467977664705e+34
-1.5891137717446923e+39
2.4589969444563413e+33
-3.950430150561227e+35
-2.70646398521532e+33
-5.996859643228514e+24
-2.7673965179001593e+31
-1.058827660691329e+30
1.0398471423847762e+34
-1.4928982248478067e+32
1.511005738646082e+32
9.065634302365855e+26
3.7262621329243005e+31
-2.4702356442739178e+36
-4.1207504574389806e+32
-9.369200677370408e+30
3.620949911843894e+36
-1.1096628660844555e+27
-1.2162214491922605e+29
1.4722876690380508e+34
1.669562100749065e+32
1.6633865165190697e+35
-9.004187791769624e+27
-2.0211549622109727e+24
-6.229650136971385e+34
-3.367334949074178e+31
-9.313186733955183e+31
-3.1070188976645055e+31
1.6760219272136615e+32
4.639612394498729e+36
4.0384226798117444e+36
1.0479090039544548e+34
-1.2914787903166587e+36
2.291035686919928e+37
9.118198470509688e+41
2.005701183333835e+40
-3.342669140673693e+30
1.4231885069969364e+36
4.509965500504178e+35
6.09754243675789e+30
-2.421713909653266e+35
-2.8165425711069698e+31
4.0202066015937015e+34
2.6407981992441824e+34
-1.015995432214481e+37
-4.5106920272685896e+27
1.887601742772308e+39
3.630195134049099e+33
-2.269850650337669e+40
5.092217504611478e+34
1.1967550345941148e+34
1.7923444298072656e+37
2.9431182559737262e+32
1.3674566761355909e+32
1.0835241397835943e+38
3.684158302971166e+32
-1.2534690677709733e+42
1.890856633173963e+37
-1.665505173537089e+33
5.157661704956441e+34
-8.378675121278677e+37
-1.4401014309057564e+40
-3.2860823342927403e+39
2.0159872300886935e+39
2.0168057188474229e+33
-2.5986425535258913e+40
-6.361985737111042e+31
5.4429796341131984e+41
-8.328605786840985e+33
-8.043646631526466e+40
4.63333399993576e+43
-1.0757213465039642e+39
6.614954245225941e+39
8.535842349998014e+42
-5.685575325387073e+41
3.1074817688315255e+36
-6.981775976627922e+38
1.0876417079377965e+39
7.731100559122542e+36
-5.036563912817903e+38
3.931129812511485e+29
2.9119376445423565e+43
-7.509895110229663e+37
-1.433759197422252e+34
-3.0507269021029204e+44
1.929541373927812e+42
-1.2768711536596436e+43
1.991714318870368e+45
-1.2826349555632707e+38
7.041696262553496e+38
-3.3602493312460847e+43
-1.7093166399291853e+39
1.603695433085032e+45
-1.3508835661412935e+40
-1.7620073960696145e+46
-9.584604105366935e+40
-4.080576997484738e+42
1.4701795025658886e+45
9.174648818649917e+37
-4.2062667854515585e+40
1.3337495764091792e+45
-2.429699635489598e+36
-6.04389098689244e+45
-4.024346463758063e+39
-3.3209604069933576e+40
-3.5087489799651e+35
-3.011743866878342e+44
2.9434597647807047e+41
-3.5670634866259905e+39
2.7732527861410426e+44
6.700719663089915e+38
1.0323456786249106e+47
-6.409072654270872e+39
-1.4292309382975078e+41
-5.281817919509623e+46
-2.6908413619565934e+49
2.1709669367311718e+45
-5.014126020138571e+41
-5.6183815610501685e+50
-5.147009633700411e+46
-5.193250856495406e+41
1.9289974550617815e+48
-1.137534573180126e+45
-1.0306510779466168e+50
4.1762347996726536e+40
2.068808318050559e+47
-3.0418477937594147e+41
-1.6119190388607286e+44
3.856285246536721e+44
8.501055052253943e+44
3.887428942090513e+45
3.205278677395779e+45
1.7012257383784115e+50
-6.458503531773862e+42
-2.898160214471415e+40
-7.2940537142596e+41
2.2415612619507045e+37
5.977014188782312e+47
-1.501455796265719e+42
-2.2345381583093843e+45
-6.738434968248239e+45
6.560311780109264e+48
-2.295672413678929e+45
-3.726583648475192e+35
5.915245143536059e+43
-1.2345157801739275e+48
-1.9526636130548877e+46
-2.962034831474223e+41
-4.293365793491421e+50
-1.8095445338851923e+49
-3.1194589604038887e+49
-5.037949004526648e+46
1.5361619084050635e+46
7.036765804275146e+47
5.56077572724313e+48
1.3877394553450503e+48
-2.298914807723467e+45
-5.867326533129552e+47
1.2116192745253444e+47
-7.832779907568472e+45
2.6843475381325243e+41
-5.801400408339786e+46
9.709783802065727e+43
7.887669831108455e+43
4.341555425349885e+44
-4.534229883699247e+40
-5.017204040958602e+47
-3.0609358313093232e+50
-9.653185515059672e+49
-7.251156184502937e+41
3.417650186862451e+48
-5.546594800770924e+40
-1.4697784416258798e+50
1.413702804383032e+47
2.1568680530838508e+49
-8.617487960642721e+50
4.4784313042733706e+47
-9.371396248109773e+55
4.835353073143869e+43
-1.3865015891517874e+52
2.480043685250767e+49
1.6477237142151618e+48
-1.771183274875375e+53
-1.9997987185564136e+50
2.3048655899109716e+49
-8.47030651880222e+48
-2.238695807900874e+52
-1.6907034711763717e+48
-3.5273442067956375e+43
-1.3605857639850892e+47
-6.948044087321346e+49
-3.02520692270247e+52
1.0968145816971656e+48
-5.275875976618672e+50
1.7926166541965374e+43
9.692431480374047e+45
-3.778998759172836e+46
-3.1543274064865275e+51
-1.1885686105008313e+48
-6.614621918354258e+52
-6.245438235191388e+46
-4.491021673054913e+51
2.7552999737162096e+50
-1.3185246230225716e+47
-2.6082727035905566e+49
1.0006259119286943e+47
-9.899473661805975e+53
-2.79774933380524e+49
-2.8397543778310398e+50
2.255701648705002e+57
-2.474103793958464e+51
8.656333556805767e+50
-2.5187464541955825e+55
3.2194852886979625e+46
2.387274211547318e+47
4.2817341322893206e+58
1.7756240292528982e+47
2.799834231089549e+54
-3.0797181069133482e+56
-2.627030227523648e+52
-2.6992242253719923e+53
-1.524836586215006e+49
-1.4769826586563907e+48
1.3177470643459377e+56
-3.99529444702315e+45
-2.1565842851594972e+46
1.6483131442778129e+49
4.74385084805138e+60
-5.10858570622347e+55
-9.357425814191898e+50
1.6287490108098795e+52
-1.0407434217802171e+49
-1.4516960426119182e+50
-9.548798588577676e+59
-6.036861400424443e+61
6.472184878514651e+53
1.1191276606776503e+55
-9.624532821614136e+58
-1.6342750494947352e+57
-1.649309119586121e+49
8.537555442368126e+57
4.569233969793974e+52
-6.495567255794488e+52
5.688778702137169e+47
-2.9157569420270125e+58
-1.1453402537778099e+58
-7.956459941753526e+53
1.2979360273400806e+54
1.1483540994122238e+56
2.7187226442385993e+61
2.5030783446719378e+53
-3.4761527896707434e+44
-1.8976192162594857e+59
2.9285859608399478e+53
5.916915777358379e+53
2.1183300786175103e+59
1.249605730380688e+56
-1.5638758921390895e+59
-2.0455475512301172e+57
-6.72445017843892e+58
-2.683392270148452e+54
-3.4730041539306863e+53
-6.777031820913061e+45
-1.1599659530682934e+55
-7.384506736038688e+59
7.9872966831281025e+59
-2.1815155318310016e+66
4.730914227288345e+54
9.526080232211938e+54
1.3813799326249077e+59
1.3192148357559377e+54
-9.11879047465066e+59
2.2818887730252155e+61
-2.5179702579621706e+58
-6.332155447490443e+63
1.904209977368347e+60
3.992845963366615e+47
-7.656711141592554e+55
-4.0249418512295786e+55
2.3648793891177948e+58
-1.1607856007703101e+61
6.538377537557761e+59
-3.6391576869285153e+59
2.0602585034064808e+57
-2.657193432326704e+63
2.87808064649057e+62
-9.570189129401743e+59
3.3170193315393427e+65
-5.431280015606423e+61
1.4241960381149234e+65
2.4281832515945647e+53
-3.328280980917011e+57
-1.7911313632029532e+58
6.382712330494245e+46
9.175873549977276e+67
5.923570565833642e+59
8.476336289913335e+60
5.549501251844263e+60
-4.029975093139316e+51
3.5765601571095365e+63
-1.7407388506356304e+61
1.0263931032242206e+69
-1.5993614524038521e+60
-5.940850855055857e+66
1.8819257228507926e+57
-8.98489251384151e+64
1.3575868905372694e+57
-2.6480656272022513e+62
1.2090675997251166e+62
2.7220606005127922e+69
-5.82861006256882e+62
2.4805293675791664e+61
4.612000397676212e+64
-3.1062805340422032e+65
1.6932569612108662e+61
-5.854800954650937e+60
-1.3942970013120363e+68
1.1189929730624871e+66
-8.259319221718633e+66
-2.3722032846495823e+65
1.4234799859065084e+61
-1.5023364957761032e+57
-2.8545618094709617e+57
-2.0814602368940438e+60
8.901631943831308e+62
-7.356133919049485e+66
-1.0657997656601177e+69
4.8995701065341585e+67
-7.34002434965403e+65
-6.644722398060219e+67
-7.933349223730482e+58
1.2876711591771838e+71
5.4871906001846085e+68
2.836253788156343e+63
1.3985253690584459e+66
-1.494367265655247e+67
1.3690372350550093e+68
-3.8213558935680687e+65
-2.2178306253420316e+67
6.786805453267441e+65
-3.391739587456133e+60
6.192382451568168e+68
5.28164991702097e+69
-1.16123558486527e+68
2.4078367075582797e+71
6.573837111450879e+71
1.3592957340948434e+66
4.348527839064164e+61
2.35892341225272e+70
-1.757503506399238e+69
-1.0661784346148365e+60
-3.242392822809308e+66
2.4672686587545377e+58
3.9341177458557677e+62
-3.699880619007623e+70
-8.888887022793877e+69
1.2905591066757422e+66
4.545999090287479e+65
-2.4532483851298226e+65
-9.652771893261337e+66
1.2713765226634812e+65
-3.829566392780974e+68
-3.2290527369802818e+63
-1.2829803964428035e+71
-1.0365428087542245e+68
-2.639801831037989e+65
-3.326335925115994e+73
-1.4538526660302049e+69
1.7379815724602307e+62
2.877609952330887e+68
-1.807403316129862e+74
1.1229671187711248e+66
7.489927424284361e+65
3.0437173704366505e+63
-3.1720950773969614e+57
-1.096763355313004e+69
2.6757372213792983e+69
-7.88858318883394e+76
4.133597424393645e+57
1.0031946057646924e+68
-1.9131701547390198e+64
2.4048388280541306e+70
-6.696885077914721e+65
9.838572860512155e+74
8.107609910417645e+70
-3.8128923262331243e+68
1.589278850452112e+74
-8.916160932689086e+79
-6.352209999096882e+74
-1.8182480486178307e+72
6.5258506968571845e+72
1.1100832043838313e+78
-2.1670966716058046e+72
-1.2708322674891896e+75
1.2396108395450164e+77
1.513788538622835e+79
-3.051267025476167e+74
-1.5627809778636672e+67
-1.119980973149677e+71
-1.3456106624834446e+63
-8.211821683154826e+67
-1.8970425657367544e+72
-2.782192750490237e+69
-3.2588616974669346e+70
-5.9005888450135885e+65
7.811272220595305e+69
5.752869196003021e+80
4.634147725513714e+76
-2.413740055587829e+74
1.5529995834718282e+66
3.074918884872066e+71
-5.036214178151103e+68
-1.1739586003635336e+70
-2.4696296835388753e+75
1.1151166018954283e+76
-3.455296231697337e+70
4.390798711675881e+68
-1.2690340436652696e+79
-1.8724665637607352e+65
-8.128619286722362e+74
-1.988894143952333e+75
-1.1007227897771055e+76
4.702653310282417e+74
-8.295522901088963e+75
1.0635550776610774e+76
-9.573843942823992e+73
1.5784590757464632e+70
-1.4465809224642199e+76
-6.130014545464721e+70
5.289168135554814e+74
-1.6602491953546703e+77
4.178487954357189e+72
-7.601753341312505e+77
-5.070488216940467e+78
-1.1713394231857266e+75
-7.088402403660045e+72
-9.094819880797267e+74
-1.5525991254993253e+78
-2.3104011522806523e+70
5.101746772055284e+69
8.715177536857406e+69
-6.197864784764958e+67
-1.6190646770133905e+78
-3.603700897304412e+70
3.5467869696063487e+71
7.221713246376707e+77
-7.283411515375344e+71
1.1638046769189406e+79
5.045660848123771e+85
1.5566567287511777e+73
-4.1109507130627917e+80
1.9499551637179772e+76
3.763368532539782e+78
2.5922317612313907e+79
8.78340357214616e+79
2.417240326610193e+79
1.3037674725278764e+74
-6.922637696539371e+73
-6.129406968898343e+72
-8.401892519979638e+72
-1.5640729945251114e+76
1.2163725997546812e+81
3.2139774165579133e+78
-1.9424387615251247e+76
-1.3310155294241804e+69
-1.2523125126327766e+81
6.106163691905986e+76
5.085803019424277e+74
1.000951101328796e+82
6.647974129122573e+76
2.488700776349564e+76
4.792649945639089e+74
-1.3975567188333815e+72
8.122116992262138e+72
-6.043050990198001e+79
-2.0495136191342683e+83
-5.0921641092666675e+79
5.566788596677735e+74
2.2084707103562588e+82
8.892063068577993e+81
-4.5293814598347425e+76
1.3763020252803206e+84
-2.0280130114609688e+81
7.380011390740207e+76
1.7221544144035675e+81
-7.043303997852639e+83
-8.718803404308784e+81
-1.7085985875556192e+79
1.3075399068006673e+83
-4.4682620031411656e+78
3.193716675076466e+85
1.5384644835589584e+78
-1.2795558100895138e+81
2.1982023230623205e+82
-3.4698051183353252e+81
-6.39351025991197e+77
1.6799940825681642e+79
1.9444822235108623e+80
5.07600472763231e+78
-2.434580718052289e+81
6.551430740411781e+75
7.663615382267733e+79
-4.6915757191474e+77
1.6376383648131997e+79
-4.270326234327515e+79
-6.615703379081317e+86
4.6791890131337654e+83
-5.389335503196611e+82
-2.5235726702251243e+81
-1.856601887181573e+88
4.196448928765145e+84
8.446777068367179e+77
-6.743659212973163e+89
1.5428492526838858e+79
-1.7041148348084282e+83
-3.073092380047634e+86
8.675859681685557e+86
-4.4021942747670285e+87
5.2131311612299886e+85
-1.6360098131153778e+80
4.392404257050641e+85
-1.7084073799786803e+82
1.923308781681836e+91
2.9036380809574127e+89
-1.7248210355132217e+87
1.0886467160919938e+82
6.694688118218378e+83
4.980808562357406e+84
-8.324559889980113e+81
5.688719675627297e+90
1.7822483268880144e+81
1.7084750721695826e+80
-4.45563410694061e+85
-1.1888076042615377e+77
-4.500421904496742e+91
1.7992830120264034e+81
2.66222311621162e+83
5.36544005200356e+88
1.1360013145572744e+90
2.4843947430304523e+88
1.214242778573715e+84
4.150622687682497e+88
-4.838363705739042e+91
-9.636469607580433e+82
-3.3750873939693506e+96
3.347438753882171e+88
-9.840882055079819e+85
-3.6595425050098994e+86
1.4812608896656712e+98
3.6124008402736976e+87
7.20870290568525e+83
-3.264381318604969e+88
-4.3357869390523185e+82
-1.5219694356044092e+93
-5.809995348607948e+88
1.1443457947121494e+92
-2.6307745693532953e+88
-4.561315852260246e+78
9.370427349531676e+85
-5.743646662901644e+85
3.541626085390137e+92
1.4011055101848599e+93
2.7843124192972507e+79
2.69694675147418e+90
1.5753003291936527e+94
-1.0335734749738244e+94
-4.0528746213047876e+93
-3.800091724460674e+93
3.9665930072080404e+92
1.1996609164064591e+85
-4.283462484527324e+96
-6.257640352700276e+89
-2.7953732724415775e+94
4.16848720444661e+88
-1.6013808345905631e+83
8.13777142513313e+89
-1.6435670427966046e+90
-1.4649297385229909e+94
-1.617946734380105e+90
-4.487321205164768e+93
-1.649874171347769e+93
8.565331045429785e+87
2.604226124091435e+89
-1.0583024752081945e+94
-3.65364668065831e+92
-3.6378133871702236e+88
-2.2615417360109255e+95
3.9413443604888924e+90
-4.4469803003559026e+92
-6.871588705180134e+88
5.308913069068691e+90
-7.450735116065976e+89
5.649996852139359e+87
7.063009662506139e+92
4.9679069435529895e+93
-9.295046981579354e+94
7.030518108921031e+92
2.9090441842394524e+90
1.5845659613400026e+99
-4.187264201853585e+96
1.1678337467496002e+99
-4.177353828105407e+97
-8.928466110503908e+91
-2.4772191408753807e+94
-6.497357395043114e+93
-9.416307336008887e+94
-3.353752182533595e+94
-1.6514868331183143e+99
-2.767378466417416e+98
-3.5003052506739935e+94
-1.3914641193288606e+98
-1.9653946923509382e+102
3.096370794710395e+95
5.084375182656474e+90
1.6231094548748564e+99
-1.1779370118858986e+89
-6.516634048247592e+97
-9.737358314568976e+93
1.8162628299057313e+94
-3.763844315043873e+98
1.0483799035078428e+92
-1.7450721941340803e+94
-7.978420614612301e+91
-5.954451770991019e+91
6.075908036987733e+100
4.992080352607298e+88
4.214853696483963e+97
-1.2203236756837056e+103
-5.407921621591083e+102
-1.6294626083216172e+95
5.635722488260479e+94
2.435627288279845e+96
-5.95544333185574e+93
6.453309044711093e+100
-6.462224340220859e+94
5.3628039751385977e+101
3.114539319071361e+93
1.0351312721743092e+95
1.2348957105855704e+104
1.6784572524218998e+103
-1.1821800421408824e+101
-3.0151800276299033e+94
-3.0058527145000536e+101
-7.26757675416708e+103
-8.064434288518352e+94
-1.83149698936002e+100
1.2672773317573068e+95
-3.360051686261517e+100
-7.286576478157952e+104
3.081973015457292e+102
-8.799557066526836e+90
3.8788746213379276e+101
1.5546232780903624e+100
1.70274949624764e+102
7.577862724174591e+102
1.608857891778451e+104
8.268732825764239e+98
-6.857825445030493e+101
-5.300217485586701e+103
5.708665372360849e+108
-2.830258259550845e+101
3.4653320957781483e+100
5.848843136110837e+103
6.085571452004708e+102
-1.9114062611759999e+99
-2.9400820736690986e+98
-5.384390518157692e+102
-1.4976362335133964e+101
1.0317655342554635e+96
-8.957343901877733e+98
-3.571570999046531e+98
-1.053814980933912e+98
-6.622144612672226e+104
6.216501974154439e+102
-3.6352457163090486e+98
-3.028689660471598e+100
4.41217951754665e+106
2.1326583250553314e+96
-4.522103985274115e+99
-7.523632942843971e+98
-4.962339678476056e+97
-5.799031168459217e+112
-2.037684990652522e+109
9.321832868412153e+109
4.665353184004922e+108
-7.547354042167937e+107
-1.1564033174382344e+104
1.0189684803994093e+106
-8.923593803360428e+108
-1.1579838906537665e+105
-6.077117664924241e+108
1.337091274546439e+104
5.5941258594353113e+101
-6.293179380595043e+108
2.29116594235576e+107
2.5452851347078316e+102
1.6005036801163013e+111
1.4091329360485517e+102
3.1465681991360503e+106
2.3117572958683995e+110
-1.1193811709540217e+106
-1.7809561928856146e+108
7.712793789174804e+100
-1.0855860311695735e+107
-2.3043702478230545e+104
-1.6310120441740153e+104
3.3499560623752482e+97
-1.3863216483586244e+103
2.6645496825625183e+109
-1.3188993558210644e+101
-4.0180341127459093e+102
-5.551757208947152e+99
-1.684265311524872e+111
-8.99868599100978e+103
2.0005158455196654e+107
1.793163137499798e+106
-1.1342603843245156e+109
2.0382638826257946e+110
-1.9344924888934197e+101
-4.36921109423916e+109
-4.024615024077658e+110
9.831053053614025e+107
2.6122436509616295e+109
-4.5239764777375395e+109
1.0355199455826287e+109
-1.5390124493694815e+105
-3.477611386862603e+102
3.9455455496458265e+115
1.0484720688330765e+107
-2.864166129006964e+110
5.550720294788104e+114
-3.291642061767842e+108
-2.1675290712523213e+107
-1.153196963385189e+115
1.2224397455552248e+108
-7.547074940600352e+105
-1.1981480791067797e+110
-7.590157028663386e+110
2.5245814117120033e+102
-4.923639006013954e+114
1.8458123713176876e+116
-5.536038978085606e+108
-5.55145335137527e+103
3.438144295285977e+109
-5.622762663493594e+113
-2.334946871191883e+113
-4.4274594389145567e+111
-1.9996439167562783e+109
-7.897437799949328e+105
2.025661927812988e+113
1.0306836914351411e+112
-2.4672502981657562e+110
5.548987273176794e+114
1.071390709896593e+116
2.1496262034245746e+115
-1.7554059716296585e+113
-2.3648163939743677e+110
-2.377833825573676e+112
1.2757836283941594e+114
-5.16726427870886e+114
-9.976995294489033e+114
1.3836465088576406e+117
-2.7604717081963e+111
-5.692035202818508e+108
1.4740834216962996e+113
2.48656061421535e+114
1.9333272414262384e+103
-6.8909592650453154e+115
2.0796952978579078e+106
-8.614621233819461e+108
-1.015698197752107e+110
-4.805955694298768e+114
3.962880768896641e+116
1.6223589872206712e+106
-6.662444068320489e+116
-7.521749336118828e+109
3.8004557825957775e+120
1.96244444724046e+113
-1.111503458954311e+118
5.021408191522365e+115
2.0050709034793693e+115
1.1894388548868653e+112
-6.999969972948729e+110
1.1679349351029746e+119
3.8417113362831103e+112
7.681482748484797e+113
-2.1990511417008607e+104
-4.224066532078082e+117
-7.621464029746217e+114
8.326783389755781e+118
2.5606772534761525e+117
1.2834071275753954e+117
-1.3090129269043333e+115
-4.552293596815092e+113
-4.2472523204155066e+123
6.254063295388383e+116
-4.6262120689991266e+120
3.558144622897058e+113
7.871244116657567e+117
1.0735539369462289e+109
-3.8593189677434113e+115
-2.503471713258021e+113
1.3694350890041267e+112
1.829687393494536e+113
1.7586323334993418e+114
-2.7766443060950917e+119
-1.1793471506997347e+116
-2.8451908699972983e+117
-2.891067544704806e+122
-4.137539163708947e+109
-3.1906312730774344e+121
-2.7742186848213835e+118
-3.6042722906317265e+118
4.584617705409196e+124
-6.849630459690401e+112
1.5803220696465753e+122
9.188770603349132e+123
-1.2750910689815715e+115
2.0965833520049317e+115
1.9525438212891555e+128
-3.51889941258811e+123
-8.169188504217327e+118
1.8047608767777072e+125
-2.0680976047460128e+120
4.7372242308547814e+123
-9.968442517819339e+123
2.18432792951064e+121
7.664625888652424e+122
7.658880725020643e+118
5.0716892080875565e+119
-1.5256797795208863e+119
2.6936159126498363e+124
5.072737446963054e+114
-1.915291311018059e+123
1.0312801192472332e+120
2.770587772518282e+126
-1.0070993295155565e+122
9.671805915431634e+126
-1.7598236712634368e+120
8.271457533746461e+126
4.421180853001093e+130
-7.073163256385821e+124
2.811252508644125e+123
-1.4047778953137494e+128
1.6600748315929286e+125
-9.8423393177068e+127
1.1944592864483894e+124
1.747397221005537e+116
-2.9967228501638844e+123
-1.9638421390608466e+118
2.035865156843193e+127
-2.5408968795977864e+122
8.252180477346796e+114
2.633492697902925e+128
-1.4330478606283193e+124
3.7730153328522323e+118
1.2259930979781188e+119
-1.2420988994380015e+126
-4.1238915692200776e+125
1.4919496375658892e+124
2.0259669396197684e+125
5.602124003156194e+127
-9.056399150199675e+117
1.4545590137598174e+129
1.4934375183878498e+122
3.9832464791810567e+124
-1.21800388200545e+130
5.017635931770497e+122
2.4426500077181984e+128
-5.3907186118055985e+125
-2.9816829504971096e+120
5.280188656702776e+127
-3.12997214452242e+130
1.285429994695055e+122
4.6357368883057685e+121
-2.8000416965996053e+121
8.9584683194687e+127
-7.831900280429319e+132
-7.403630667148398e+126
9.616864533929115e+126
1.8278712104014323e+130
-1.4775098880343352e+128
8.431722555826056e+134
-1.2592626322585303e+127
-4.01931034659105e+131
1.4455009792067835e+124
4.022757308734688e+123
2.5750732139302977e+123
-7.493632099093748e+123
-1.1555320284832545e+131
3.2963817145001612e+128
-3.6005431576298614e+125
-1.0445907184925186e+132
9.999134216309551e+126
-5.717480507860931e+136
4.839532104858623e+130
-2.1955129733517725e+127
8.983478124757146e+125
-4.716425679003411e+126
2.1164564813440493e+128
1.0708745243542867e+130
3.4374475600617004e+139
-4.028483414385436e+129
-1.7346513168892232e+130
1.4260889912328214e+130
-2.5134835783899655e+126
-1.5434738119532501e+131
-2.244309012285799e+126
-5.470579855165347e+133
1.2241212948124465e+127
1.6559821475853067e+127
4.1153832689196738e+127
1.337659824555401e+134
-1.9514164885118169e+121
-1.2173881032328185e+135
-8.958226082811726e+128
-9.262312258644909e+130
-2.2470646752921972e+123
1.2382277466252125e+132
-2.9890191354022705e+133
3.231248915928621e+123
6.341834846457625e+126
1.431043017175455e+127
-5.7371830628046866e+131
8.578326097892938e+136
7.850985489432761e+133
2.498902972846439e+133
-2.224240270889936e+140
4.945752635522128e+133
-3.2443705039407692e+134
-3.087692252776632e+138
-5.65395258859697e+128
3.1832082464002686e+129
1.489040121484894e+138
-2.55240213344604e+135
-1.2214062226294029e+140
1.755658226124436e+132
1.1775754135295029e+133
-3.372447912408078e+134
7.03269569811374e+134
-6.22992176579646e+141
-2.5274155542649774e+142
-9.901330764681829e+128
8.570769884023925e+136
-3.0820829724023866e+132
-4.718643869787795e+126
-4.917614129151322e+127
-3.1978938742401763e+132
-3.634657424720317e+135
-5.195451314486267e+137
1.7729654477488385e+138
2.0258868635924062e+130
-1.4613223862509336e+127
4.599018358317837e+137
-2.6195420513236606e+136
7.426972930161761e+134
3.820743072567723e+138
-5.100755227910999e+136
2.815297596605357e+144
1.4090264447429704e+138
-2.1928844107455997e+136
-4.203369223475907e+134
1.4125016721433618e+137
5.607227599776888e+138
2.1379667398072716e+138
1.1392637308980675e+132
-2.4948223669415888e+143
3.2992058218227974e+131
3.4394629311520183e+139
-4.824363247490396e+142
-4.784911038235603e+134
-4.616535073130131e+143
-7.198547662792715e+132
2.070540911732114e+140
3.4896431835410466e+135
-7.48850177971084e+138
-1.0017443657444433e+142
-8.648142239894893e+140
-4.3043660638177244e+140
2.5479259164510823e+137
-2.934197434925787e+132
-1.8086608110526114e+140
-1.3692757308706915e+143
-5.1926150156539e+141
8.889742915873444e+146
-1.5824355440349483e+141
-1.6351382789908514e+148
-1.1261786258292452e+138
-3.805845831646272e+138
-9.42796797290581e+134
3.7284487277916795e+139
-5.270376736263633e+136
1.67710634258059e+138
-4.4997524305374164e+135
-1.935602103411419e+147
8.35957591728604e+140
-2.139783061631404e+140
2.3722421927274195e+141
-2.145042462150883e+144
-3.347744742227142e+139
-4.446457456732334e+146
1.3434255374306804e+141
-6.832877491431298e+139
-2.4652814460271774e+144
8.490159768047274e+137
-1.365347433634779e+139
-2.49960535121848e+142
1.2513092598439163e+134
-1.0975516809236578e+137
5.163922202253016e+138
9.499367615309561e+140
4.580989501851906e+145
-5.816009945271255e+145
-5.540870757653123e+139
-7.496927022261872e+142
5.096384116347068e+144
-2.5955621120852765e+144
1.2871436730249118e+142
1.015698573047437e+153
4.024688683496395e+144
-3.36605780785297e+143
5.356534816516257e+150
2.9399397340005064e+141
9.261236682810157e+140
6.5409356812452236e+137
-2.905138461655977e+143
-1.4230693735704952e+143
1.8174186899242736e+144
-1.244225414024527e+145
-6.194137054265425e+145
-1.3139484909764455e+147
5.287121312651112e+145
-2.8764512866578395e+147
3.4223662174551975e+146
6.464283189253203e+145
-2.1595195634515264e+150
4.834563659578727e+147
2.954608118125165e+144
4.2543703613465366e+146
-9.618500537442985e+140
-8.770318913383479e+139
2.0185618186333306e+142
7.583496689482212e+140
-2.2363845534098594e+146
-1.2169410220044413e+148
6.30582433319802e+154
-4.51243488658768e+148
3.177207692054927e+147
-4.9877268862859924e+144
-2.233302062187835e+142
-8.113672854745738e+147
-1.3991987159815175e+151
1.4862427602257246e+147
-4.4103572782583166e+154
6.154668839219608e+149
9.912040211410774e+146
-5.487573226573223e+155
-5.917942878468673e+149
3.086633786610496e+152
1.3501269237601917e+151
2.0440519371204036e+143
-1.0544016581750068e+153
-5.608957421136085e+145
-5.260699131769014e+148
3.1007336137670353e+144
8.84003171605146e+143
9.300392423692429e+149
-1.7881045177762862e+148
3.312659772638734e+143
1.2453693633242702e+150
2.132643120310064e+143
-4.234470404285142e+141
8.782555606859335e+139
2.398765183132824e+145
-1.8241632975498598e+145
-1.5834568605180716e+147
-1.434750566531414e+153
-1.288292249122373e+150
-4.745232381034651e+156
1.5196086170030808e+158
5.468592395362084e+149
-5.051834079424371e+146
2.4627345838967914e+152
6.644972518430853e+147
-2.614887184881971e+154
1.0401407395966649e+164
-2.7316134724461677e+153
2.2585308855879247e+153
-3.847834455561773e+155
-5.377063951795753e+147
1.0433470081116584e+147
2.2773356673836606e+154
3.82507908255355e+159
-7.284341982795532e+144
1.3903327988442798e+146
-1.6169977278939186e+150
1.4165533138038624e+156
-1.6569333176705286e+147
1.5105823716683924e+150
2.4550537613343334e+158
-5.781629219997555e+151
5.843033253741558e+152
-3.397043000188778e+155
-3.1419378520537976e+147
1.2948556174683456e+153
-1.6452594078964629e+158
2.374742136868975e+151
8.904061038562253e+150
2.46779505223131e+151
-3.4941012245434343e+155
-9.907305076536571e+153
-2.7208079228997175e+159
-3.6036893518541947e+148
-1.1519249228587535e+158
-3.8244406534422036e+156
-3.103133753996721e+157
-1.626995809352639e+164
-1.0870504885129352e+166
1.7024189631883245e+157
-2.6789164513309853e+162
-1.1550507589757176e+156
-1.3544451822064222e+154
-2.3168783437198894e+159
1.1159707329975771e+156
-1.6127357229860152e+155
-4.742525952095873e+153
-1.3789623924462765e+150
-1.18230117067157e+157
2.0229602266576672e+153
1.6571272906744269e+148
-2.8234175324893673e+158
-8.940170850838283e+159
-8.793703853857899e+160
3.034556316431853e+154
-3.556179869972343e+158
-3.0315594588463986e+151
1.979945296548999e+153
6.421898567476676e+161
6.111431085735429e+159
-4.532162056168858e+161
3.423605776653282e+160
3.069545948767613e+157
4.126083468019748e+159
-5.82217417486951e+161
-1.1539061593883472e+166
4.626983872967418e+164
2.515049039075902e+166
2.837069120702126e+159
-1.837006409933142e+155
-1.6869471001787508e+163
-5.519332862529606e+155
-5.0606733999005174e+157
-4.706924476738294e+161
-6.381908068977024e+165
-3.3825917664237576e+154
-7.790019117615399e+162
-1.166539164306079e+168
-2.0849424953810696e+161
-7.234102623438138e+155
3.953874494138081e+157
1.062258007460024e+160
5.028104673544004e+154
5.412449898715095e+158
4.574716275082352e+154
-3.476371510906989e+171
-1.8527143498337637e+162
1.4238988521796972e+157
3.330461970781048e+162
-5.2379353682222686e+160
-3.446589352055608e+161
5.786995058136697e+161
5.226509990511422e+162
-3.530247752766486e+163
2.5893254016743047e+161
-4.3113682061322507e+164
-2.9555271953990143e+155
-2.3646327764584743e+165
4.244326727373381e+162
5.465034563685145e+163
3.888527548986821e+165
-1.6390198673004019e+165
3.577124313900627e+163
-3.2719307151522176e+168
-1.7157596313949517e+156
-6.51264345974064e+166
-2.25288411280785e+165
-3.5674756553571485e+165
-6.8302158177667545e+165
5.0363046150567674e+165
-1.3115078472293118e+162
1.147899545999727e+160
-4.0467956487410733e+161
1.7357033135783438e+161
1.3649259159536036e+167
6.977714245709953e+156
3.357380359858835e+167
-8.557583745698397e+162
-6.629810163200989e+168
-4.732115908285552e+167
-2.2844305238932043e+162
-1.466815703669195e+162
-3.262293530616556e+167
1.4727053455686318e+167
-1.722477500236129e+172
1.0231902355245163e+164
1.0219173425390173e+178
-1.2769284750119221e+172
2.4916344838477536e+173
9.287217072103553e+173
-1.5963893064935995e+171
2.88507708069368e+169
-7.534437569840308e+169
-8.45361019951761e+170
-1.2052443597037255e+164
-5.4720322892545445e+165
-3.52462760405611e+162
1.7012319711453743e+172
-7.366279249144476e+166
-4.269460405141201e+167
5.53338141788792e+167
2.8031744642921567e+160
-7.728545631204407e+167
-2.8052127563646635e+168
-2.311316642839323e+165
5.553870551430496e+175
-5.561428797328437e+167
-2.5724964925943646e+175
-1.6817265363759556e+161
-1.4035760475807332e+173
2.7009367579178814e+173
1.092053708696024e+171
-4.888492853507444e+169
-1.1141015258807707e+168
-3.0054416688011146e+168
-1.5332845462948502e+170
-1.1355620460696065e+174
-2.848785545334791e+172
4.746107435578308e+171
4.1030159725905556e+170
-1.720866670248874e+172
1.3636166559314131e+169
1.5885265536189248e+173
6.278605279782329e+172
2.806924146414221e+172
6.26552396539009e+181
1.0946521178589246e+175
-4.8670754993347573e+172
1.570483656452097e+166
6.718899399213915e+170
-4.9758353226594234e+171
3.1179683415148827e+168
2.596040193044637e+165
-3.267729017364034e+171
-1.9800547934423863e+171
6.246285131664034e+180
5.714176706489225e+170
6.653554856456902e+181
-6.152411838032596e+170
-4.9164078875519044e+179
2.50097222987243e+177
-2.057883747957733e+171
-9.613799479017805e+175
-1.8450714530178304e+176
-5.1269618511661575e+179
-6.63603744529752e+173
3.366312980173693e+172
4.443028733879797e+173
-9.553579537324278e+173
-5.370421065331103e+180
-1.0502073572251765e+168
6.418617859051356e+181
1.3685421215974205e+165
-1.8437301156864008e+173
-4.832287897109201e+173
-2.604791236444913e+174
3.370550329348887e+176
-2.825471916221603e+176
6.171571795954385e+176
8.23624585874753e+177
-1.8536341945207043e+174
3.02516162674179e+172
4.8327819912154605e+175
3.7142937940468697e+177
-2.3497056551704675e+176
1.9231494924661983e+179
1.3097260091810155e+184
9.356861162242843e+181
-2.531070236659174e+180
1.07936230173465e+175
1.5418562748101625e+182
2.884102432994818e+181
-1.3025878885291894e+175
9.13717783676235e+183
-1.1432518137646104e+178
5.917535278826753e+178
1.1134043928128937e+183
-1.0703923417656596e+178
6.2740777875469636e+178
1.3905919526282115e+173
-5.720750255620819e+178
-1.4071474244193017e+171
-1.2333203904899139e+172
-9.987067567558608e+173
5.008699449819781e+180
1.4629851010802778e+179
1.8808785364187325e+180
-4.268330530370064e+178
7.561052727851821e+177
1.5353871475119484e+179
-1.4587924529350057e+179
1.8347402800600393e+175
-5.152450080766923e+176
5.256944778927255e+179
5.611340712213636e+177
-1.2907293024456162e+185
2.7463170994401705e+183
1.0728672532064397e+178
3.601183517808834e+185
-2.947055144308483e+179
5.2202263124901063e+182
4.347767535650085e+174
-2.2506350796685477e+188
-1.6068607771385434e+185
2.6545442624611926e+184
9.545749327740844e+178
2.096698830097463e+176
5.640389569784253e+177
-1.018615793956246e+179
-6.160136323002161e+185
7.841790403123002e+183
5.187390892178974e+177
-3.1928761617506112e+184
4.182970058420953e+184
-2.1561685406079305e+178
-2.0840899304590072e+176
3.687830036693076e+175
2.226457657108011e+183
6.294975933328259e+185
1.247187420850297e+184
-1.596497941847394e+183
1.254513510022934e+182
-2.2121674907376026e+178
-3.8872127540571504e+183
3.922304824468759e+187
-1.60083512595608e+177
4.387134993296933e+186
2.0408720809533926e+184
-1.3691529810892554e+189
1.4010815690964503e+191
5.283769905442772e+189
1.763732913993429e+183
2.844783915690933e+189
2.1029416396377465e+186
1.5877371937446333e+191
-6.2885790794613435e+184
9.969615822542542e+184
9.93589506351208e+182
-5.941049879599901e+187
-1.1124968113563915e+182
-1.8913334655171623e+188
3.8030829539519396e+191
5.828773994115848e+198
5.659537531497169e+193
-2.005247137790098e+188
1.07467046219372e+185
-1.4433692483569014e+195
5.091508122666344e+183
2.242220715609408e+177
9.898294766264396e+186
2.3532043657700975e+181
6.920922476197831e+180
1.0550909638254576e+187
1.3574609286474853e+181
5.259468141070384e+188
-6.772007395769818e+186
2.2662612550574937e+198
1.9257790389955689e+189
-1.1192429337731228e+182
4.412965065602958e+187
7.23913256932323e+186
3.48044474405879e+187
-5.7429644773193215e+187
1.2783731362657644e+188
-7.679708984961458e+185
1.967833713113698e+192
-1.827541535460636e+186
6.509868965766035e+194
1.5096096053732643e+183
4.867895923731061e+189
3.947241040856429e+190
-1.2773484934702847e+194
-5.796427462516584e+195
-3.6734770894518935e+182
-4.099593203165789e+186
1.917125500991259e+192
-7.074490472700876e+197
7.016313852858627e+186
4.909805028894858e+195
5.995544876487759e+194
-4.475639081373463e+183
-4.896453351373037e+186
-4.1589127565016625e+184
1.577278164050993e+194
-1.047618597968552e+190
9.42319461915662e+193
9.682087524752463e+196
2.3822217584009453e+197
3.995405289557959e+201
-1.1701068138440268e+194
3.431622122938811e+192
-5.7972136803621235e+203
7.877941607982641e+194
5.333666484623951e+193
9.306921179124908e+189
1.2022101914907027e+197
5.56222872564713e+192
4.459707417897126e+187
-4.6270380800855607e+198
8.161220698960733e+195
-1.428857724063747e+193
1.2261758236386682e+198
1.8419762944425327e+198
-1.77417584298518e+192
6.943779197324605e+200
-1.0951197589410438e+192
2.382701550572641e+192
-3.193473020198833e+193
-3.0509872574594728e+187
2.3186185320506293e+198
1.148660709740973e+191
-8.486331571410112e+191
-6.929415062927361e+189
-2.1033670805280712e+193
-1.285692382973888e+198
-3.155995806055641e+197
9.177025364996697e+198
5.27682644656424e+199
2.3620306625607652e+197
4.4121388206179015e+192
-2.157242730179738e+202
-1.768478432918109e+190
-7.463173097619912e+203
3.457418934115147e+191
-4.699316740646255e+193
4.987460887402981e+198
4.492104720851762e+205
8.290539349670278e+197
8.323468651814415e+196
-2.830676240984652e+193
1.3518594562094146e+203
5.575226157668519e+204
-9.4222673977607e+193
1.3300154025164238e+195
-2.2238295549482285e+197
-1.0481959180988922e+194
1.4000112150206627e+200
-8.601258379653384e+193
-1.6586713423859246e+197
-2.0036096792328266e+202
1.6213737174578344e+205
-2.76739324129405e+199
-2.543798864655953e+196
-2.259620195301034e+197
6.766856447907128e+201
-2.9020384688694173e+194
-1.7058836569333944e+199
3.057846155953069e+194
-9.470726199536679e+206
3.376762049405711e+200
1.8136107095186375e+201
1.3445515841865768e+197
-1.244722860585749e+209
2.217480442872541e+201
-1.826616379444022e+206
4.030180236218886e+206
-1.6441939547862253e+207
6.35149683835185e+205
-1.513203307606565e+197
8.095128537984562e+197
-3.4746607333890445e+204
-1.222992492367149e+196
-3.6460816981349842e+199
3.223200159390957e+203
1.3483273022966253e+207
-3.3649617592732237e+208
4.408105475558385e+205
-4.19410805541782e+204
1.1744956521291101e+205
5.1564342828111835e+199
1.6607118029481138e+199
-5.30772288783674e+199
5.923802606375809e+195
6.217986079470116e+199
1.1722940106725627e+201
-8.871417529593429e+199
-9.392930816919978e+199
-4.517094381065696e+203
-3.899999257725259e+204
-8.530594555888839e+211
-1.2608180746269342e+203
-1.0368776162647928e+205
-1.8091053720877244e+206
-2.8404495340563547e+206
6.807043183170759e+199
-3.4106412821821165e+212
-1.0859774970222094e+206
-1.7038199872504428e+204
2.612545124543333e+207
-3.956069712526331e+199
7.48665696601767e+210
1.5001406068256884e+199
-7.056918522475378e+209
-1.3090962671508676e+202
2.408463849683398e+207
-1.035972438182934e+201
8.602547810123662e+203
4.521688825104243e+203
-1.2503494028434228e+205
1.3797258463353695e+204
1.0768441520239169e+204
1.4019398444515337e+198
3.754592773064383e+212
-1.191935412624799e+206
-3.702846424879456e+202
-8.289906283692051e+207
-1.4493054403193486e+205
-3.1978425741005814e+209
1.39794552780136e+208
-1.3059042143618113e+213
-5.727889278631267e+204
1.8452155048508358e+216
5.662885075080783e+212
-2.154839935528828e+210
9.645889963790268e+214
3.1764827243491587e+208
-2.963549767958063e+210
3.2011698667846135e+209
1.6350641565124277e+215
-7.993187777736876e+208
-5.573554970811161e+211
2.3218144736885274e+209
-9.88638620636939e+208
1.3913457737590686e+205
2.8249968610690315e+208
1.484602436590408e+208
-1.1246203475139628e+212
1.728198421493342e+205
1.3356238112395313e+211
2.162447546620458e+211
-2.155326881787325e+209
3.934425769257825e+211
-1.958950028439874e+212
8.622372225374362e+208
-2.289437539741555e+212
1.7014736323927302e+217
-1.298134898756748e+220
1.4372171264212674e+213
-1.6190517414330523e+212
-6.896861114016109e+208
6.333307485815751e+208
-1.3494864076939906e+217
-1.1894862085046635e+209
1.5480773278149244e+215
9.017847092579283e+213
-4.051118152493852e+215
8.451960164233687e+214
-1.9866562241533738e+216
-1.2845788922628632e+215
2.216304765656735e+214
5.577641159551043e+212
2.6051858174141086e+215
-1.3438339556858211e+211
-1.0214826597596216e+215
1.4965208354343012e+217
1.4346099535306826e+212
5.789770748466752e+209
1.737847441300959e+212
-5.7386837514421315e+211
-1.9375617104959945e+210
1.4792781847880192e+215
2.004707716010203e+216
-4.708048448142441e+209
3.809713725611935e+211
-2.176263163161926e+216
-1.1602340210916554e+222
-8.990261611300864e+218
4.410370740879622e+227
-1.489205991774785e+220
7.775509892120573e+216
-1.8553645706327963e+215
-2.5715019806521457e+217
-6.479224611028093e+213
3.8368345172347537e+220
-3.140498632444609e+214
2.908542676373359e+220
-4.026936725864801e+212
-4.1419778372361007e+217
2.428965474112578e+224
8.503392442111317e+220
2.0955279804978033e+217
4.34691857391596e+211
9.45708134195174e+209
4.1262572164967676e+217
1.596393238752571e+218
2.6642988183389476e+214
-4.4847439185271e+217
1.6309692221237139e+214
9.071262622352807e+216
1.9354426032063566e+220
2.2042489000024872e+215
-2.1669974279357904e+228
7.295479732695201e+220
1.3437352512336506e+217
7.97881363786978e+224
-1.431625394540349e+216
1.759413862677862e+220
-3.1863118444779522e+218
5.480992195895156e+227
-5.401509947080212e+220
1.4196124990025937e+229
1.91887602190482e+220
4.956959460155974e+221
-1.0835053557165429e+221
5.679418607307523e+228
1.8747808837960287e+217
-6.989712457103499e+221
8.969633635180091e+229
-2.187928724065803e+225
-3.0781658675544596e+224
-4.741001023882316e+217
-1.6934383267589342e+224
1.219339161386989e+220
9.321136309255008e+230
-4.7934536897371976e+222
1.8228112465479112e+223
-1.9509634095794357e+219
1.8995188826844512e+220
2.8389114926324245e+226
-2.01257450916018e+225
1.1139973573306252e+223
-3.409691947967204e+223
-8.23744605362505e+213
-5.1902521413742565e+218
1.0284403252175051e+225
1.400096674085402e+229
-2.1210925048514497e+220
-1.486721340420397e+225
-1.2123947352051876e+225
-7.35042612793844e+216
2.022000633226834e+221
-2.9615688111761824e+226
4.428248818953209e+226
1.1419712979446007e+221
4.255106101314644e+232
3.095437437491359e+220
1.0762832982620411e+225
1.648987185430779e+226
6.331552992854749e+228
1.506195002825806e+226
4.155319852963387e+230
-3.372531999243346e+228
-3.349023430288097e+220
1.2836471810126032e+227
4.0859331191842614e+228
1.59409384536482e+230
1.6054644002220192e+223
-2.7293755171101174e+232
1.6065958946986193e+228
1.3906094296785328e+228
2.263382027412774e+227
-2.0076759162965623e+225
3.1577343835525536e+225
4.72351650927029e+221
4.830319455616472e+221
-1.2606206815555587e+225
-1.1989740180045566e+233
3.1974287833629735e+225
1.6329048089230224e+229
3.6091450301394555e+228
3.525284418042488e+229
4.87061856748562e+231
3.431297612949423e+228
6.904261037642246e+227
-8.846789872936042e+226
1.2989852702092993e+228
-1.4380647048992207e+230
1.2414754913829265e+231
2.038608739314892e+225
2.5294480249564495e+226
5.7735241650797e+229
3.230873684172128e+231
3.370819994579675e+231
1.9669708614324734e+223
-2.4094821274472707e+231
2.3194307602573622e+229
-8.479300987541481e+230
-2.256439748041677e+234
4.87636059058009e+224
9.727225137952928e+230
6.419792058324707e+231
-3.47137251646869e+230
-3.585571674215128e+246
-2.2743717608242834e+238
2.0060454001543145e+227
-4.7591610980811935e+240
-5.121785134164359e+236
6.673359486211515e+233
-6.482651745695094e+232
-1.9262011011392547e+237
2.6305506839223948e+241
6.371795081696188e+231
3.364652027358993e+236
-1.2034033905691684e+230
2.234900619761442e+240
8.561326942843048e+234
-7.620310009251538e+231
-1.7882022133192605e+224
-2.0899735560550567e+231
-1.3418831831298113e+231
-2.542767089177526e+233
-1.350561163560955e+226
-3.3758586040275774e+230
-6.15802851558426e+229
4.93723600446493e+233
-1.4128709411003315e+239
-1.0549956775695545e+231
-2.4169916220361613e+232
-5.761120336176643e+232
-1.7190984607571916e+234
-1.1125800698841822e+226
6.163390917785398e+232
-2.1628001720164336e+235
6.829486944503767e+231
-1.6047348760616182e+238
1.8215796078526437e+235
1.9402962075379936e+239
-4.5214222763851095e+235
9.055660725917638e+237
2.2641942327789464e+242
-6.643880220044712e+239
4.103775198838885e+234
2.821400906719122e+237
-3.837678112966497e+231
-1.6254383896751054e+242
-5.701343976618839e+229
4.250451740711899e+235
5.806372005537643e+242
1.695491379457682e+238
6.1415814220106e+240
2.208696045288059e+241
6.308463602149967e+238
4.4257945560632236e+243
3.436865324623969e+238
-2.4837224000843492e+237
-4.796848002480863e+240
3.1464017393112076e+240
7.21054183549368e+232
-5.269599745471806e+238
1.0481867920565632e+239
-1.892927916851492e+239
-8.548761353879407e+234
5.8544363159186415e+239
2.370983650945665e+239
5.595841677819253e+228
-5.772451338147304e+237
2.0064826971700393e+247
-4.022762877615546e+240
2.6381870031663074e+243
-3.0333643971682572e+246
-7.24178349214028e+243
1.3450518913412029e+243
8.716611070684986e+236
-2.095437613854124e+240
2.03896185673605e+238
-3.990500179480952e+244
-1.624529106111234e+235
2.5359673444243032e+253
-7.453907292931114e+240
-2.6374037428097055e+240
9.160974755064665e+242
2.5006035809953443e+243
3.2017939980882275e+244
3.016425151738218e+235
1.5243458212857886e+240
-1.4814083549191307e+247
9.736372042566128e+242
-1.370947966404846e+238
1.9687988596163414e+240
-4.9403317886369425e+237
-1.859424116467899e+246
-1.2944329781700465e+250
3.23497693399064e+242
9.583559692855885e+237
-7.577098081379511e+242
3.1235831240038e+244
-3.0949489311713253e+246
-1.7745909241182447e+249
5.422194663033824e+248
2.185146341440816e+253
-1.042791781020578e+245
3.084231307928267e+246
-9.34490150709027e+237
2.840816679623456e+243
-2.334161691173416e+244
1.6068938950859288e+244
1.8140414209132976e+246
-1.3372710429178243e+249
5.0355395672878494e+244
-1.044749419788695e+252
6.812889710322257e+247
-3.2039064607233506e+244
-1.690558768309576e+244
-1.77325103220478e+246
1.62002134112281e+246
5.21378832862461e+245
-1.2398138503495448e+243
1.1186737936521599e+247
4.9476526172931895e+247
-1.2994276313984357e+246
1.1634014701341101e+252
-3.274831738073742e+247
-1.9679774713061944e+243
-8.811238950104749e+237
-8.978091765471517e+241
8.946401927177057e+245
-1.49957205145634e+245
-4.1021104586186665e+247
-4.659916401968739e+250
1.298933113768067e+253
-3.9164086051569043e+248
-3.738572348787333e+247
3.942164693891948e+253
1.9547194334743664e+248
3.926069276970729e+249
-7.396823903337959e+246
-1.8322538910407163e+253
3.148706038694622e+249
7.958820841360381e+247
8.671926538477178e+246
-1.6027289321738427e+247
2.0062091436930226e+245
1.96662789962797e+256
-5.834834327468937e+254
1.979493795958385e+244
1.0998584903251107e+252
1.693707898816455e+250
-4.1533567524798336e+244
1.0028383814005288e+250
-4.2263920612333063e+253
-1.102028651572127e+251
7.658362882168833e+245
1.9741358063242694e+250
1.7239478372875523e+239
-1.5286078489415807e+252
-2.0953822012982966e+248
1.3618820017975937e+257
2.941193396808884e+257
1.0350825517235695e+256
4.4339835262098924e+253
2.3281260459183974e+256
-3.8795295755060765e+255
1.641288773050611e+251
2.5118276316087742e+258
3.4364393702078545e+256
5.8499826644700554e+256
5.157309627591962e+250
-1.2229880384083718e+254
-9.254596802511077e+253
2.2127244797117608e+246
-3.4858691164697773e+258
-1.598020288577595e+251
-1.6867487326272056e+254
-1.4338847975938545e+252
8.306336757503088e+257
6.980315909709357e+257
2.1223520003819256e+250
4.362731262414587e+262
-2.8219405421457408e+253
1.682990995112911e+250
-1.6049579052989415e+257
2.545507311059469e+249
-4.120217877174626e+249
4.597123903204976e+256
1.8330466564071856e+255
-7.711806084004298e+260
-1.5483797276558776e+263
-6.565509971565665e+260
-3.177372197655296e+255
-4.163706230410787e+258
-1.1630482262993031e+255
-1.6471165574999484e+257
4.278602887550401e+258
-1.0290934370081753e+260
5.493343262349751e+263
-1.8285000824333323e+260
-1.6825286044507976e+258
-7.585458631957475e+250
8.770639369853254e+260
4.217057747805495e+256
3.291326336158089e+261
-2.724352045306402e+258
5.1085203476941674e+255
3.745164903167249e+262
1.9375436858809143e+257
2.9124245397127664e+262
-8.601705689716398e+258
-1.1300716100438833e+260
-2.152856567350854e+252
-2.892479309239175e+254
5.2541955627038e+259
-7.344259819173182e+258
6.998906967676792e+254
-4.3625679159474704e+258
-7.018374924240383e+260
1.347113687910403e+263
-5.1130190649920105e+262
5.878918680553206e+257
1.4124430159027984e+265
1.099719868104531e+273
-3.4617913699181286e+263
3.7882437378290976e+266
6.08342693810851e+265
-1.0111025253253743e+269
3.8859622377049254e+267
2.440168591005264e+266
-2.407832496371301e+263
-1.3114168822018996e+265
9.540370732126362e+260
2.179510456440609e+267
6.411114831234951e+268
-7.555194058120007e+263
-1.1417695630614074e+262
-7.357044745664378e+262
2.383730366009451e+267
-1.2788143710416047e+264
-1.236418599369136e+258
-9.226442485401064e+259
1.4905175593082134e+271
3.522904418427792e+263
1.697648459228672e+275
2.4113576315591727e+263
1.5887064860816283e+267
6.616860261285957e+259
-6.25364915422561e+264
6.575829361003765e+268
-6.264813714773685e+273
-1.3129526394766625e+263
2.3187181826460615e+270
4.450285120120396e+266
2.0952208676519808e+265
1.1762443309872726e+267
2.0525696469852662e+267
1.4640078198137533e+267
6.932539834059748e+266
-5.517378803371003e+266
8.537711264091857e+270
2.3778712126424278e+263
2.618454133240474e+270
-2.7479004733192255e+272
-3.07254170863459e+261
-9.646588972700888e+265
-2.3143387331523827e+265
8.107789639258167e+264
-1.1880546722975997e+266
-6.818092911109411e+266
5.0350812201242115e+270
1.788734194567622e+268
2.831038295221429e+267
1.7705674911678385e+264
2.7160431043823933e+268
-1.352182108323115e+265
1.70740653458642e+265
-8.103605354384843e+265
1.5942409003583656e+268
-1.0581243855422749e+273
-6.369378288747226e+274
-3.731572752931118e+267
1.1796566730037006e+275
-4.0100552212821676e+267
3.555001669077343e+274
-3.989543782593852e+270
-6.056734224686348e+267
6.170692925557527e+270
-3.5889577504183905e+266
4.661321467761662e+276
-5.676592241506485e+267
-2.7961914985705076e+272
-2.994481884714157e+270
-1.5685753916612833e+272
3.107255614982446e+266
-5.126277444228777e+273
5.465528478835141e+269
-1.2887043821240167e+266
2.8407805042508825e+272
-5.672440140909952e+274
1.110558522222864e+269
-1.4191171015985258e+276
4.239601761129729e+266
9.811842882849646e+265
-4.1151600058382303e+269
3.274030756309943e+273
2.120704073942781e+265
8.626958846773279e+266
2.00101152314445e+277
1.0778070324759965e+270
7.552833936915631e+280
1.0686836183245665e+273
-8.99105403302819e+274
1.3679128945116385e+274
-2.1797030962078167e+277
-6.613357149723392e+278
-6.587643307508496e+273
-2.6257573113864417e+275
-1.8380488488687286e+277
6.0769105855764375e+273
3.518040770471964e+277
-1.953713895293798e+280
-2.771945378274304e+274
2.910434272333241e+275
2.561648420963176e+273
-9.005732712534122e+278
-5.259490400698645e+273
-4.367011519149626e+276
5.921680542210258e+277
2.803984636086166e+273
-3.7367997872408953e+276
8.579197229883801e+280
1.5368916150011615e+271
-2.3203234349407e+280
1.769155662036375e+272
5.889105342780783e+275
-5.641360775883192e+279
3.8498543490019716e+276
-1.4595655910438286e+274
-1.4553204204262672e+273
-3.866202840761349e+274
-1.9204299072632885e+279
5.352583971103343e+279
-1.0082084014713827e+282
-1.9358621377814053e+280
1.1338609826596439e+281
-2.438437478875706e+274
-1.5919686594250193e+280
-1.321015344858264e+279
-1.5110326125272493e+283
-1.3470836436144356e+276
-4.4092857412595e+277
-1.7305192366892455e+281
1.0232009115199095e+282
-1.2487596189159817e+281
4.7856412179951875e+278
-1.1743878953415542e+273
-5.341480433237802e+280
-3.3352826482321704e+279
6.032691752001759e+285
7.73627834032304e+284
1.0439775465522355e+282
8.353624672532959e+275
-6.107611679134414e+280
-3.349043277615744e+284
1.6559832822663018e+280
-9.207394479690638e+275
1.3462351379012585e+275
-2.2187263027302675e+270
-4.904073341426059e+283
-2.0669715934551915e+282
-7.109754185139013e+279
6.750213734988883e+281
1.7684354659526879e+285
4.396293847539146e+288
8.31308544967576e+283
-4.632316253976958e+279
3.248212191386751e+278
-5.984445511033138e+280
3.333567096750557e+279
-1.4442089482001349e+283
4.384619790873519e+285
-1.2890369251364898e+278
7.508375239830546e+280
-4.4933096374991035e+284
9.477344735419522e+283
1.1766181181781563e+283
5.071979841803256e+285
-3.679681938444693e+285
-3.6290022804747654e+279
-1.7439806110299566e+279
1.8426109719911878e+275
1.2267924350908755e+280
1.052661963711115e+287
1.1736946445376393e+286
-1.810116901855233e+295
-4.100871948499165e+287
2.355004068753115e+278
7.443667740833118e+284
-7.2107160482256074e+283
-7.482951814576848e+286
-6.03678135278385e+286
-6.055936556109389e+285
3.858555378665601e+280
-3.746555958036169e+287
-2.0163544487255726e+286
1.770179936811422e+293
2.2175571491358489e+279
1.231982591487223e+287
3.522962677444949e+285
2.9026621962298706e+286
-1.4805188989398454e+285
2.8459660681100287e+292
-1.3778872213392623e+288
-6.961920675412305e+279
4.936495712531955e+292
-3.9721710332501205e+284
-3.717989967722767e+292
-3.9824714216601444e+293
8.316673463538046e+289
-7.807428494719598e+281
1.5761041622187674e+289
-9.794653613639626e+285
3.883926025728039e+281
-5.836658710665244e+284
1.0241132317959387e+293
1.2779930368030418e+293
2.209107929683531e+288
1.4531091395996002e+286
-2.3031430833496702e+291
-1.989733867180937e+299
-8.682579075062243e+288
1.8956664659264106e+291
-8.364203411514412e+290
3.8178650452331104e+294
-4.7308633389467045e+295
4.822076578079398e+288
3.6805694990427986e+296
1.0280998164908491e+297
4.133712447318446e+290
-1.5344166779159066e+290
4.3669049281845936e+299
-2.3851690844983725e+294
3.0173603706728974e+286
-2.84695315333211e+292
-9.18469889964734e+289
-4.674271923262381e+282
-2.7193239974465448e+292
3.830147199930835e+294
8.76749375255165e+295
3.2941206919720344e+296
2.986164418613054e+292
-2.932272447968835e+286
1.8116207807744137e+294
-8.2042202248088e+289
-6.156729685769354e+296
-2.530699006625751e+290
3.513880473621918e+290
1.7856395783282125e+287
-9.37977970808317e+292
-8.529743466088827e+293
3.2222657443217162e+295
-1.9110345993388767e+295
-2.1775519339598614e+298
2.2620910829111503e+299
6.173400049769099e+299
5.715408514375606e+295
-6.166539808475614e+297
4.723543336082681e+295
-2.5145940262912345e+296
-5.804090873265617e+294
-1.5268555477322583e+300
1.0266363037111709e+299
-6.02676784616271e+290
-2.797697178337022e+286
-4.108996090992372e+295
6.021719894005394e+293
9.975241831884887e+296
2.601598510875137e+294
-2.763171534888736e+297
-3.5990594925488244e+293
7.975762456055954e+292
6.254261058571119e+291
1.658098044508405e+296
-1.1975171057983718e+303
-2.6612492252707814e+296
1.6374036428169244e+295
-1.6131036346917195e+296
3.306536579321599e+290
-8.510148899095513e+302
-2.6658646734324897e+298
-3.757580492418849e+292
3.196830007311081e+303
-1.5812178520694136e+303
-1.261746181609307e+304
1.0270212661018395e+305
-1.067303124287738e+294
-8.306988062351602e+301
-8.083790101601409e+298
7.930399182560724e+297
1.9144295875866952e+307
-5.507366374481187e+302
1.0953537866146376e+301
-8.750343983177783e+293
2.3760441066694616e+301
-2.817747530084695e+295
-1.5374960588588923e+300
1.2645835696310534e+302
-1.1613634664984531e+302
1.880623111296532e+302
-8.25550484513701e+296
-1.4776547618134315e+293
2.8812502386007417e+298
2.6171213425366945e+304
1.172512653788787e+306
-8.355478544500518e+300
2.0336276463111717e+294
-9.124332559572932e+301
-1.198871733428381e+306
3.6285508900572805e+305
-1.7968239441264774e+303
inf
inf
-5.3297914909587875e+300
-2.0841788637825052e+301
4.903211036942337e+303
-inf
-2.433254684482951e+303
-5.466767808660914e+299
2.5354671386972897e+304
-inf
3.983232198594097e+305
-1.4317055621135712e+307
2.5147968287572178e+306
8.793500801519479e+301
7.598333342643752e+303
-7.331444938638866e+305
4.015809883676979e+301
-7.611706078711954e+301
-5.18950034453279e+301
6.950229566269952e+303
5.394287128058002e+297
-3.66756452890597e+302
-1.2534973197970216e+302
1.4678348146407923e+302
2.5594535335304284e+300
-3.771362582724674e+303
1.446255657485998e+307
inf
inf
9.373139777583043e+306
1.3819248121191316e+303
-inf
-inf
inf
-4.2924687718825055e+305
-inf
-inf
1.1189594299055015e+305
4.402745785394391e+305
-4.67856354558922e+304
-1.2921599046909305e+308
inf
-inf
-inf
inf
-inf
-4.3158046289730246e+307
inf
-inf
inf
6.93004036374581e+307
1.7974231178280807e+308
inf
1.452973317979026e+306
-6.790357860093635e+303
inf
inf
-7.010175701933797e+306
inf
-inf
inf
inf
inf
inf
inf
-1.0902157654673864e+306
-8.252153779720483e+305
inf
-2.6676728546728134e+302
-inf
inf
inf
inf
-inf
inf
-inf
-inf
-inf
-inf
-7.041405796349646e+307
-inf
-inf
-inf
inf
inf
inf
inf
inf
inf
inf
inf
inf
inf
inf
-inf
-inf
-inf
-inf
inf
-inf
-inf
-inf
-inf
inf
inf
-inf
-inf
9.221431484987825e+307
inf
inf
-inf
inf
inf
inf
-inf
-inf
inf
inf
inf
-inf
-inf
inf
-inf
inf
inf
inf
-inf
inf
inf
-inf
-inf
inf
inf
inf
inf
-inf
-inf
inf
inf
inf
-inf
inf
-inf
inf
inf
inf
-inf
inf
inf
-inf
-inf
inf
inf
inf
-inf
inf
inf
-inf
inf
inf
inf
-inf
inf
inf
inf
inf
-inf
inf
inf
inf
-inf
-inf
-inf
inf
inf
inf
-inf
-inf
-inf
-inf
-inf
-inf
inf
-inf
-inf
-inf
-inf
inf
inf
-inf
-inf
inf
inf
inf
inf
inf
-inf
-inf
-inf
-inf
-inf
-inf
-inf
-inf
inf
inf
inf
-inf
